frame,x,y
64,19749.260895928262,25447.798620866168
65,19784.898902245463,25442.625083619147
65,19739.605069554374,25427.661555217248
65,19739.088104053484,25445.38437040925
65,19812.61985737514,25434.04392277764
65,19763.988076818096,25439.46538800697
65,19745.714861610977,25444.03718125128
65,19726.564756409934,25449.19957005814
65,19763.96451401041,25443.38859011612
65,19765.197403867813,25453.84183020626
65,19735.714816920143,25413.554796322034
65,19724.337290551808,25433.604182730272
65,19763.18708965529,25447.576550764927
65,19759.829555728436,25425.319786635784
65,19769.349173208084,25431.15040248718
65,19748.9868997658,25442.643890438496
65,19759.076732949216,25448.46910020937
65,19762.614483279944,25432.57871249737
65,19743.729093226888,25438.14726228425
65,19767.59314612116,25413.38466214182
65,19759.59822446734,25457.752262184087
65,19736.71570903386,25432.170952117856
65,19779.228508739325,25455.567541953533
65,19765.736771440923,25447.252803377916
65,19734.067601762574,25444.26454688157
66,19706.630021895748,25444.09635311646
66,19888.320631685765,25387.66597125316
66,19831.238111185132,25476.51562354497
66,19774.51124740554,25474.64551089176
66,19740.968652108284,25508.975032118786
66,19761.21374229123,25460.10672065744
66,19697.32033227689,25541.542286412605
66,19796.291772630808,25389.379673703446
67,19872.70976436846,25486.71645366177
67,19796.878361792555,25480.11952565816
67,19655.82131597276,25516.05869929784
67,19691.47900846955,25564.167209115767
67,19856.49297157775,25388.534365528525
68,19815.09726456907,25447.88139173238
68,19765.4074116103,25601.34476833141
68,19703.35325247834,25453.77813887924
68,19804.318779355897,25457.978899319445
68,19692.531252343117,25366.032898933343
68,19924.695855313188,25454.76777368004
68,19780.50381435168,25385.56118522367
68,19692.75373466504,25288.08116969296
68,19724.56904715933,25473.3980208175
68,19743.299811488447,25483.14379474905
68,19660.4167267584,25454.61635551808
68,19826.34141475705,25412.442703320503
68,19758.778956575225,25535.05086683342
68,19772.92916571403,25499.071209860504
69,19842.622738336573,25410.09692239857
69,19513.19059619275,25491.34251729924
69,19475.536785100343,25373.39192389149
69,19809.86863111405,25376.647904820245
69,19863.75396512,25399.94343092971
69,19392.73891928513,25474.022233118056
69,19706.097781409517,25283.01733168445
69,19746.898186956663,25487.884658273844
69,19858.254852135786,25371.790421521466
69,19794.14092910634,25390.44449595806
69,19918.094225613837,25367.40458652946
69,19661.16972591561,25355.930382642797
69,19855.206180539917,25545.397772191867
69,19848.5179688892,25519.29654157868
69,20012.354000773725,25463.37590787352
69,19593.414436692437,25476.713866283822
69,19816.16237967287,25620.27201508192
69,19612.3837306377,25689.147533163625
69,19813.34291200688,25066.122733019754
69,19747.549356372758,25440.35989939666
69,19630.520793865435,25454.981578425628
69,19817.54961940192,25186.904123517405
69,19661.47459646497,25248.386908708475
69,19414.387069483106,25716.364166853404
69,19625.076870986097,25341.81462576263
69,20088.50638847564,25406.31109427252
70,19788.405671504097,25370.3487649197
70,19766.785611068502,25100.927587447262
70,19714.557041423977,25250.234791210376
70,19760.21100055324,25801.132965082707
70,19633.91821647425,25315.57727772924
70,19708.82084826225,25515.706452860537
70,19918.954470295568,25655.01303054243
70,19724.81075841387,25545.97889184027
70,19651.176685601084,25377.8571391114
70,19821.855531792517,25312.933057075752
71,19818.30345914039,25403.32306633873
71,19321.749327994272,25633.47539303345
71,19929.676132257784,25029.077809059545
71,19795.781666382096,25714.963660241032
71,19946.01243616069,25695.222021945945
71,19518.10027747933,25378.28628226392
71,19353.031633906223,25174.95881925816
71,20127.196552357076,25555.92646506819
71,19376.71165373062,25510.98853344
71,19718.933159964738,25597.9671646471
71,19665.58594312145,25205.874993329417
71,19881.47371396913,25388.96620755864
71,19518.201359346065,25539.389328932863
71,19850.624031879568,25944.71246302597
71,19595.50675797337,25259.55023004659
71,19475.057265771204,25586.624830366392
71,19957.538617557857,25554.201263818715
71,20089.11517899857,25120.477865150457
71,19725.21179138265,25583.369578337315
71,19810.349442141705,26002.261778811247
71,19935.283618858244,25593.80447302525
71,19958.33112935497,25557.98539575178
71,20040.42538324104,25320.264051111517
72,19699.35290034472,25038.019666501958
72,19678.520886653303,25445.769932787505
72,19742.91277791358,25296.818703492536
72,19488.101516585248,25444.579342660683
72,19868.44721535186,25618.5287500488
73,19908.4241088653,25793.864313732407
73,19978.762342859405,25705.058831875453
73,19795.70835183713,25454.227088821222
73,19808.622944100745,25049.25725682372
73,19517.340377843484,25421.630026957828
73,19408.64012157101,25248.06791180106
73,19552.790944687025,25545.73632805114
73,19808.405197966265,25494.41156258566
73,19912.06497198778,24893.682848274544
73,19791.180920680214,25653.85092458481
73,19846.885236328697,25734.8170119512
73,20167.311933213023,25525.202763326877
73,19680.04501605025,25602.147185498765
73,19396.032267281076,25304.296771123343
73,19775.26935133471,25539.0878064724
73,19911.863857816792,25424.93350909021
73,19799.688569992,25376.357944413547
73,19649.873261934183,25253.50797314659
74,19640.276127052824,25211.82216388344
74,19295.109330983378,25446.734725412905
74,19769.503162285208,26230.676374734005
74,19559.36745496005,25546.990403281987
74,19069.369080224707,25235.66091659374
74,19370.845527432197,25569.397196432896
74,19355.96434339289,25785.149788500617
74,19964.43091749986,25472.308251265466
74,20232.608633164684,25206.2486099902
74,19906.39044758275,25249.42378351981
74,19765.84721879583,25997.559635567304
74,19962.032030756454,25045.286596177557
74,19705.267869609797,25763.407272094944
74,19858.89103307619,25087.19908518692
74,19454.997949845725,25325.457066659492
74,19440.3137613939,25365.30018677101
74,19889.45170123813,25171.51973873638
74,19736.13168395852,25223.608313675788
74,19367.232335778124,25828.951041682973
74,19825.00458699161,25299.81701656003
74,19222.412391578087,25838.505695078587
74,20161.405876493583,25574.353048389712
74,20190.21572081299,25120.416688596462
74,19905.607376678312,25529.970374279663
74,19647.09706650885,25587.421650391992
74,19919.85944076936,25870.54633916221
74,19221.8550323103,25896.04262908154
74,20051.920090778487,25385.984578896885
74,19986.364615194765,25032.549524948205
75,19748.502772951146,25098.465909186416
75,20424.14781274857,25549.478963343936
75,19335.03759857226,25380.97972582737
75,19967.421023784133,25833.04439431317
75,20185.574277621054,24811.428811677884
75,19610.691444203145,25399.50333431236
75,19930.617905825,25010.313915875347
75,20002.381280953803,25621.059221925232
75,19193.571032460663,25224.648576603213
75,20009.295023942905,24875.54797828124
75,19643.501723322905,24818.473229768075
75,19269.57629765866,25324.82369967609
75,20195.617368830182,25805.90565526169
75,19856.350272221047,25184.77646396936
75,19459.323708934386,24863.4499965334
75,19987.02067280887,25385.24934135208
76,19646.24687780873,25580.84785257072
76,19622.77323228107,25330.006688164136
76,19006.63169953643,25448.45697629113
76,19824.15429706393,24938.20526339804
76,19432.40124762157,25463.4620627357
76,19440.22307692,25278.26886782279
76,19196.87023353649,25690.823182086988
76,19277.180574179984,25073.439901348956
76,19451.015220475216,25580.20440309246
76,19625.80590932325,25538.160323574917
76,19218.867644735463,26031.870278415103
76,19981.830329786146,25366.496109990272
76,19812.70240913639,25462.906872241045
76,19866.52019893118,25698.673554758243
76,20016.28741772432,25216.174466140284
76,19542.25739439249,25954.622421553668
76,20141.338043160635,25236.639097946107
76,20414.160661411468,25325.52434934338
76,19796.20132181415,24914.25633237621
77,20229.56839030881,25117.559793136566
77,19159.87180241356,26015.010942572288
77,19127.21921527841,25557.33318973444
77,19873.74767153213,25197.409258237
77,19929.053897416616,26086.250059728813
77,19822.29553927686,25174.53442016084
77,19583.974847646958,24975.96011776148
77,19874.67366286753,24978.87236938322
77,19376.49390969794,25589.625106565836
77,19561.206992311352,25936.05259172459
78,20028.342074863234,25714.123002652137
78,19814.478414082598,25824.337737047696
78,20132.96449786714,25399.91700462459
78,19706.79265186434,25058.89590741956
78,19692.39111862057,24883.121936045536
78,19841.427068224235,25120.253077191108
78,19280.028854048225,26096.98700157982
78,19985.607611104224,24931.78506916783
78,19812.196774468932,26338.98239431425
78,20268.356308828792,24862.60701797555
78,19573.25572994016,24732.65824290229
78,18437.729358782843,25928.046676217768
78,19836.48911976392,25199.45272654379
78,19625.163634998076,25477.00007083037
78,19628.83305446942,25169.81110725265
78,19688.49203021514,24859.455479856635
78,19474.20017954579,24776.12934683254
78,19441.0719732865,25928.18253247164
78,20053.969832677787,25490.05007693885
78,19940.0561255544,25520.636807114643
78,19570.440853365883,25250.459632069727
78,19229.640114854505,26001.04545291901
78,19940.00852873859,25249.897289012544
78,20003.62050142376,25336.195958236687
78,20629.956457971417,25551.45056499074
78,19887.86419997693,24823.031118855157
78,19904.36212087433,24762.11004184311
78,20275.99068251426,25214.45196139568
78,19312.652862280025,25436.5688556781
79,19544.681344823744,25233.16416037843
79,19508.546301667047,26206.78375169273
79,19273.303773025054,25720.27381520985
81,20378.020934158347,26435.548679801264
81,20412.767098337943,25111.323866579703
81,19533.489926823928,25514.768029724644
81,20010.744473205144,24523.179300504627
81,19120.38978275458,24765.961011561936
81,19761.208785285144,24348.67332174998
81,18850.053679457036,24477.004310094864
81,19238.40058469014,25110.24873868174
81,19682.338336333043,25338.16058910573
81,19730.021908107108,25718.89927117058
81,19846.7071105418,26649.511787331063
81,19961.23740443014,25005.409756787954
81,20951.18223778801,25460.13967042337
81,19158.245862708616,25386.87684989011
81,19118.99080910184,24819.942230242672
81,19243.81426061229,25136.82269556198
81,19909.57601990528,25037.988277722343
81,19605.32441823613,25556.65353281831
81,19622.684480894743,25241.20120976449
81,19482.960240301138,25476.38305600791
81,19924.43345132652,25863.28069598316
82,20506.973220432825,25368.771315235736
83,20299.66052126552,25749.31684382692
83,20164.99197429409,25188.49775839908
83,20223.591019463103,25325.10515374392
83,18951.07656998491,26150.690974463
83,19385.04805256947,25684.218352435622
83,19245.7520447373,25852.54572439632
83,20033.713297406463,25665.33403869404
83,20373.011540670395,26142.10403320733
83,19305.59206391799,25315.98632255669
83,20308.396882060373,24986.959729750823
83,18527.14254998576,25927.0437611585
83,19339.900272843788,25528.17113101663
83,19736.88725214904,25216.937375152716
83,19799.22613876576,25521.42034472273
83,18218.85235875023,24814.16029586453
83,20358.622852943998,25103.30285536103
83,20593.639484006624,25297.36909472193
83,18586.944761452654,24818.46638935104
84,19453.14219185245,25074.043605576622
84,19769.83684015259,24156.86602243634
84,19862.06343709535,25100.28080171056
84,19375.004412809903,26207.21090817997
84,20094.81677843257,25768.036369717775
84,20489.270714106693,25652.972997704885
84,18597.3921651575,25922.325585132152
85,19719.64324224502,26574.68178177418
85,19743.722843230295,25914.03567324963
85,19265.496942346505,26146.70447494215
85,19726.36973995079,25918.477558309365
85,19840.538649506903,26224.81115292869
86,19087.084848226084,25255.18210517732
86,18759.562409201382,25883.0086516723
86,19186.720846651875,25632.485024371108
86,18869.77347288485,24328.459153701424
86,20116.407367845844,25913.659368879387
86,20217.10414374881,25185.69713395261
86,20321.744105151527,24824.518351212868
86,20503.332174911917,25627.11791483102
86,20202.955714366228,25255.35387575755
86,19880.348893301147,25558.17706888742
86,19721.423765553005,25535.002443092097
86,19103.62646058837,25526.18155898094
86,19513.30195163386,25351.840210855786
86,19143.5450643267,26140.954672283493
86,19000.61918273427,24413.343579877663
86,19195.391903143434,24873.48139378413
86,19679.52871108637,25840.465365733035
86,19419.441773390678,26239.13315376399
86,18853.615383448767,24772.859389942663
86,20943.302399902117,24646.72286070892
86,19831.700272780545,25781.14181045788
86,19255.713199813246,25103.32484709584
86,19890.02608471551,24864.95242827333
87,20188.86854664316,25946.11203946737
87,19695.245509408003,24821.67202315233
87,19865.80197485903,25501.44932295501
87,19545.02994668747,24886.188444917305
87,19654.741231628752,24247.10351480436
87,19341.90861720157,26255.564949461364
87,20207.24332555322,24711.122928061537
87,19440.23741539445,25401.920370886357
87,18245.731540202243,24350.342489880157
87,19081.285191880223,25378.96595153063
87,20052.397483251072,25435.477484340285
87,19788.744572737138,26079.332375791582
87,19621.41615056049,24841.458335062536
87,19865.785002535256,26355.117525758986
87,19982.803197071175,25850.107342844847
87,19157.11922595594,25152.42557351645
87,19281.71388437789,26884.081518631752
87,20845.912251428224,25264.455119984217
87,20024.222788277883,25326.31384796459
87,19725.86482903496,24942.70699187006
87,19596.3437524994,25297.166606001512
87,19534.224098758208,25837.045953363424
87,19899.338126561644,24512.95006214154
87,18516.086465219607,24400.66852545182
87,19146.897129522276,26372.25815033325
88,19805.768467655296,24806.81844496359
88,18550.97248442029,25365.723190354423
88,19668.28098384009,26398.463737711765
88,19016.276724818406,25122.076932817807
88,18401.83545561054,25017.241030294328
88,19797.248837008447,25911.856587879047
88,19666.71120243053,25216.262657585456
88,19969.68402259228,25406.81769753756
88,18995.61749030805,25838.17651960167
88,20293.844901982746,25337.383889553534
88,20641.54180178284,26745.412246708165
88,18666.29300421773,24615.81807113393
88,19350.97596670088,24810.57309663763
88,21105.264757723147,24591.442942110552
88,19609.23195412869,25302.65742519224
88,20487.63778670537,24519.648510966214
88,19955.092801251507,25043.68220338629
88,20401.23956895572,26285.939657446368
88,19102.31270303433,25294.736275903266
88,20096.339232545848,25159.462392815756
88,19807.32398798606,24912.540751255747
88,20239.89892237948,25103.45341959267
89,19970.407796295956,24874.623592785592
89,19797.029538969557,24134.394186580717
89,20087.0889616646,24686.198956317225
89,19929.518141893604,24067.83272587136
89,19471.4596355577,24598.4904096671
89,19212.31402715115,24361.62714290801
89,18627.038758431583,24561.408207872868
89,21519.526899204426,25254.03875559641
89,20393.62795792094,27213.76530789344
89,19862.26039748634,24732.08781653069
89,19213.35337952521,25077.67153877239
89,19488.84878715616,23512.165712627266
89,20643.231108727283,24063.904328874392
89,19307.00365216428,26375.903137954545
89,19831.047567603426,26414.074917577826
89,19240.832273971577,25173.428841550827
89,19956.91174545123,25069.51881689222
89,18553.00994911149,26893.473693531007
90,19862.043762552257,27115.707281218245
90,20080.411402758327,25611.089209867456
90,19969.804244119816,26225.41047577147
90,21301.492783699225,26429.75607148934
90,20615.269167838105,24509.70898776422
90,21384.054136347,25410.93292467217
90,19305.01095787013,25422.420816140795
90,20044.37304482088,24119.02767849929
90,17973.71005077284,24998.394421808567
90,20210.9577195115,24659.035741724543
90,18803.39189188046,25372.022690787264
90,20232.3092370244,24834.96776421492
90,18320.542994158484,24792.3430890657
90,18898.161151205648,25863.280677806688
90,18729.85111494112,24461.188122963693
90,20362.68833113038,25587.336843724985
90,19403.701799611303,26062.15853143564
91,19867.221891750192,27267.12921921912
91,20283.40397467485,23262.52142059449
91,19416.618049138742,23359.65756006834
91,19034.725353727725,23964.38836812337
91,19845.568119345768,24840.40756234348
91,20502.944909236245,23285.521623186043
91,19551.24141649415,25997.11486750809
91,19454.035270889937,25634.245151045885
91,19573.309822793388,24842.50795334537
91,17916.802068323155,25766.261259221497
91,19173.758247572478,25792.23140283873
91,19643.351301856776,24770.390035065488
91,20205.43570542917,24982.85332146445
91,20447.31324398961,27832.75604371793
91,18764.330002989624,26170.946720527943
91,18550.918245075216,25029.01355131578
91,19625.18437761472,24610.88629613934
91,19745.950428423683,25626.68612477932
91,19459.05765282928,24318.56876013384
91,20112.73543745503,24749.57049431621
91,18985.11020178218,23902.04007409845
91,18905.806520471557,24802.43827931773
91,18847.47351241015,24362.80167600866
91,19966.069054339358,25402.90755928649
91,20804.832867033834,25156.32785611398
92,20320.81905887609,25188.89551166465
92,20424.72025700579,25440.072397263222
92,21053.374875169487,24934.652291209484
92,19644.04660289532,24283.66048646031
92,20464.87577397565,24122.80096121672
92,17384.328637088303,24783.2000850344
92,20018.99418441715,24809.83281578125
92,20416.740726156648,23855.366076324124
93,19703.807493682867,26523.571994813843
93,21181.144005987167,26831.59954823291
93,19433.23377487861,24817.878013608144
93,18604.19981086764,26890.03163360064
93,18806.13572575945,25022.36286410965
93,19152.55207125106,23990.11237743469
93,21420.5736172063,26146.633903045204
93,19910.318660574263,25397.732910208084
93,20124.36186520836,23915.505962591957
93,19851.13202916472,25926.444209957925
93,18364.6109519532,25686.101780997054
93,19869.98984347394,24918.622951057427
93,21193.76986493331,24333.554618982747
93,22102.23647125221,24889.72886590104
93,19744.201807326088,26689.342778870072
93,19985.331511280143,24760.09749641461
94,17288.670986243073,24668.394415885028
94,20436.97523886304,26448.491550390743
94,20621.110404261904,27587.1236067204
95,20121.252661072067,26643.71383361349
95,19971.77420963165,24079.284502640647
95,19584.24176055265,25540.359176816502
95,20824.36404858384,26079.764833604764
95,21057.30674454924,25596.44970721146
95,18828.97895084481,26294.5371403279
95,20228.092602134977,25213.11010218057
95,19450.69774187109,25713.829374025263
95,20206.873043030704,24580.41506205989
95,18570.73190814832,26130.551990874632
95,19743.007895732077,24427.92044358477
95,20292.608846387586,25204.05887261443
95,19818.695856090013,24374.79052842014
95,19276.85065261279,24469.5491848041
95,19404.56569033637,25612.383506895563
95,20753.21820948672,25964.26856274321
95,20364.69977139979,26426.769586349885
95,19299.286240191595,24339.81158012853
95,20680.651753351987,26551.9463600054
95,18983.037329701023,28335.57932384067
95,19932.29361739921,22950.136260869866
95,21585.63366080633,25783.9637382806
95,21545.81309688564,27314.76783344567
95,19230.715689542398,25753.801228013865
95,18155.097203062545,25066.388068537
95,19440.34774003992,24671.89627504751
95,21004.09459431079,24613.642971257363
96,20281.64725319722,24159.928174612003
96,20321.451608101368,25311.04813416563
96,17728.517485131946,25635.70862155217
96,21163.963539076325,25810.710532971145
96,20369.55380519051,25036.043914242004
96,20006.89986286125,25030.211735315195
96,19717.513270305197,25464.868574545813
96,19427.126747437847,25635.3617809075
96,19146.87757017148,25648.45379720468
96,20170.40801847523,23231.301037550224
96,19885.046929129683,24738.6677420611
96,17932.985246363478,27022.221261449227
96,19968.952533382868,24592.407381523168
96,20010.63214756375,26364.07768379378
96,20798.08230853325,24813.63765626184
96,19734.44324590717,27682.415912182874
96,18739.01115921833,25809.23032869771
96,20702.90926892491,25089.02968926953
96,20695.24178906016,25348.892801203125
96,19823.21039289881,25919.347170614445
97,19865.06842305297,23449.42871995066
97,18273.91343700968,23864.15219467078
97,19395.85084127277,25004.046816131144
97,18794.07775254178,26522.459842536293
97,19290.419588104152,25667.02686001877
97,18276.41631412846,24870.714333947457
97,19266.94221320031,27262.7658700657
97,19764.470506591897,25959.063807992377
97,21218.606805513395,26764.98274467628
97,19548.537739032767,26029.54195398498
97,20878.96851494442,26952.38086422277
97,19229.73072910018,26211.44473068719
97,20273.937907224703,24796.702062449716
97,18314.71934205782,24866.088172644988
97,19001.19892183203,26434.992145008742
97,19757.52593316401,24693.32208731791
97,18648.273250837257,25678.07986514442
97,20064.45009072332,25790.990101482603
97,19111.56557609624,25227.93441293367
97,19352.76703926658,25258.41487157629
98,18910.263224048904,26551.664732289075
99,18270.39989583791,26231.39850454486
99,18418.8745807253,23930.904025018208
99,18790.1046906311,26788.802402886307
99,21218.871617580564,25905.01477679748
99,17689.818497778746,24668.60431585953
99,19666.732958968085,24222.669136994973
99,21192.28206408837,25703.8169285467
99,19738.370861406074,25659.835304197604
99,20348.906040232858,24787.6526622189
99,20458.663920958785,24941.82102106653
99,20560.35927562922,26353.65669618445
99,18822.88195224885,26007.173126985734
99,19101.189494104943,23751.60550418397
99,19355.45329144184,26941.828830295297
99,20115.734362578933,24115.292822591076
99,17635.754328553423,25369.005057205304
99,17894.761542049782,24061.59940104844
99,17070.74089304897,24489.215547357107
99,19108.764832940746,24760.27613218493
99,20617.599646739163,25059.398621048374
99,20674.2993967122,25739.77606223604
99,20923.61288020498,24793.080838185066
99,20669.61043382656,26083.36884887331
99,21861.68496856441,26905.49876735387
99,20233.43945739491,23534.152635686536
99,19628.088173100845,27343.48692274505
99,20597.523225548022,24330.291742147318
99,19050.3055229548,24589.281081068413
100,17750.530618924484,26561.984438316085
100,20258.95979868057,27275.431509452148
100,19412.28885611866,25753.620116564984
100,19150.107762378277,24457.90882769166
100,18644.329873946343,24287.1550018396
100,19985.01433410932,25921.199803949752
100,20120.282111250566,25982.7961594104
100,19347.32801864893,24787.52858275348
100,18461.90753782301,24387.15268953436
100,18714.658884716264,26444.31454458842
100,19360.954789495143,24724.81698195115
100,19017.274263650317,24950.65491355384
100,21916.599013933428,24154.396560827376
101,21189.890095479142,25621.658443571898
101,20223.287893369165,23813.02964465808
101,20430.5012855994,26079.806922440617
101,20911.410455795627,24578.80779183445
101,21865.73147720913,25571.499948129807
101,20302.97609707721,25329.542133187428
101,19457.307984317584,23821.27407377409
101,19423.883742703183,24777.118811124907
101,17996.207628821605,24240.02314714912
101,21485.1058230223,24695.267735010115
101,17808.1786764524,25060.6251191882
101,16701.688770174183,24055.455118703685
101,16359.168609391128,22139.16975209209
101,19836.66202191061,25838.094104922977
101,20147.702507376835,24604.41949669629
101,18514.970146395703,26210.86340533945
101,18604.81095028453,25557.26105889652
101,20667.125872893303,24043.465950625286
101,21224.504070763916,24913.655041812734
102,20036.36799707463,24763.872769215734
102,21118.49336339776,26544.8733603136
102,19588.66682613209,25130.267962842696
102,18531.93556214168,26167.913388267305
102,20272.739634182308,24442.384975547167
102,20914.478627138957,24115.681162154546
102,20487.345239888906,25429.78440787108
102,18546.45381744829,25046.49181693887
102,22527.60760148699,25066.77426918476
102,18768.85918794816,22739.92280736464
102,19413.420796994025,25262.580398616494
102,19401.29870749961,25401.69161888676
102,18091.008537582064,25521.89048094955
102,19603.90103109129,25326.057707625136
102,17214.694121206132,24624.59434576372
102,20499.60955147937,26355.682086805733
103,19799.385263934324,26205.550520577923
103,20375.515002115782,25924.63972144728
103,21095.764449485843,27531.79407490629
103,20552.68923190756,27610.331306309454
103,19598.504342087934,26793.457184524217
103,19781.03817706173,24990.38956911357
103,22030.42003260672,24334.255506822254
103,19395.943006135007,26702.506737100422
103,19716.646976643417,23152.2428310922
103,20204.40793979548,26809.676131585296
103,21687.607517950462,23375.576488302177
103,19003.53429795565,25274.097032658912
103,18999.844615179023,23753.57822148884
103,20306.81823084192,24117.81846605885
103,19792.73880471525,25109.48249902079
103,20135.84711382736,27725.582074542188
103,19378.14185168269,25837.5639972157
103,16885.623663964398,25807.052361593876
103,19421.01514520504,27659.686007104214
103,19949.798498689877,26579.76808714799
103,20734.325126554093,22246.672515720828
103,19650.868098830197,22848.31215798928
103,20816.985903197838,23858.952535726858
103,19575.770350838942,24995.56197730899
103,18802.22133858957,24657.825075458848
103,20303.634043619106,25001.69696378611
103,21227.81795167543,26136.36216169056
104,22212.71770839107,26156.33751503588
104,19953.58404081504,23904.919499673702
104,19491.80461640889,27699.767243562477
104,20736.759396347083,26519.07065901648
104,20962.33956689876,24238.57524572663
104,19212.24897693411,24296.580658919327
104,19186.24863907299,21973.399683995667
104,19925.61722063892,26338.85622233399
104,20247.751112672933,24312.18293546936
104,19254.47986712673,23327.506842507864
104,18772.743524423604,25560.953515612237
104,21528.94585315731,27831.09190937792
104,17570.47316545455,25839.925778805544
104,21231.289993982024,24814.82563980311
104,19656.77051402973,25880.96943413866
104,18599.64215074668,26010.223367075912
104,18691.159209045178,25730.00519692346
104,19910.04538964859,26933.251454635185
104,17603.68430046074,24278.932224415938
104,17724.720691281324,23521.04289408211
104,18561.26830227545,24962.09309947133
104,19369.376146593288,25479.86110182202
104,17824.77948922616,25493.878253568422
104,18543.583458875368,24468.93844476597
104,18434.66333724661,23806.464574715406
105,20090.898591061705,26993.616833791515
105,19439.57434425546,25020.40036072524
105,19856.856656068547,25736.087413153888
105,20411.64087300381,26016.159908839654
105,20192.42493298833,27356.58457489941
105,21525.764202974067,23094.493457949997
105,20989.714836841467,24485.731460176667
105,18846.0741729678,25664.192400378903
105,20571.99610436995,24748.52984031474
105,19096.14125016474,26371.77303948909
105,20863.416135881576,24732.9788821756
105,18638.154866104356,26402.688228225736
105,22944.152093519897,25631.09071007324
105,18313.773437452088,25975.030438983096
105,19053.946144473342,24580.04931873299
105,20124.565695013986,26244.316381170534
105,20181.96609900739,25020.949630258445
105,18126.69253744061,23865.960533986294
105,19841.300397284675,24927.103979555537
105,17532.01313508499,25581.657401069333
105,20155.65232317605,25605.395908457005
105,20629.046424508266,24818.427387432974
105,19276.685451339148,24538.289959896683
106,20766.544883725568,23595.20164426613
107,20197.590087303717,27413.37331835792
107,20104.598893363844,23844.775942993663
107,19937.3264523737,25214.59643313152
107,19809.848035435403,26004.70683534551
108,18656.250935440185,25143.737319169926
108,20757.573093497103,24641.472902342703
108,18500.058665664645,24635.824186051745
108,17900.181288311727,25110.30413345716
108,19723.83010679273,27593.186322085567
108,18722.36216009125,25996.31085390822
108,18837.687316687585,26809.90289363216
108,19995.02689588999,24289.091324092395
108,16693.16341103395,22553.99789565716
108,18527.122624280342,23812.558141772657
108,19795.421967880786,25487.11004088939
108,20441.99360068067,24011.637341632108
108,20200.610663719573,27419.20596423828
108,20306.306198181028,24881.838650051075
108,19215.98313494916,25655.939898536657
108,18494.7394373233,24372.65626425065
108,18688.5321138161,25051.98573196045
109,19077.59754390948,26684.995123069108
109,20721.77389280706,23058.250010334155
109,20127.799450130413,27348.608828079963
109,17562.236581939855,23962.616701417777
109,19643.441751074697,23675.812939427808
109,18744.356000467644,24740.81107123655
109,22260.739811669,23840.44707101496
109,18827.5609442297,25126.857166850856
109,20191.70570368097,25217.845000210436
109,19429.17721625652,26609.391301093085
109,19239.62514364132,26048.364648986462
109,19312.90753791974,25747.42929432973
109,20512.35353777289,24396.835718953374
109,19826.52879364644,23798.483025526217
109,20534.30656126899,26633.33558681481
109,18791.430390458787,24873.977090328764
109,19186.944135142978,26301.394763602948
109,19190.72575474257,26013.361937756046
109,22291.411978411885,26293.352700100702
109,21714.00930901662,27782.393791255392
109,17922.95014166397,26936.726193847848
109,19942.71756430632,27180.055869319807
109,19583.090433249567,26079.592057863792
109,20082.7222017342,23569.50550470743
109,19826.31864935523,25310.118795756905
109,17545.081134314685,26502.825467318915
109,19384.937672953223,26577.00851524193
109,18054.07673417301,30372.65663077336
110,18588.73103509115,21782.42601257055
110,18396.303271808483,25148.181786554367
110,23043.81810654605,25035.533282307653
110,18298.58196831517,23969.78044068381
110,17683.397478579805,25050.02593278124
110,19924.78685435748,24743.443796118176
110,17944.222204224414,23193.72562150652
110,19995.32508355071,28017.736552450515
110,16737.646847295004,25573.81826461574
110,18626.42671764716,24786.085027739864
110,20674.203269791848,28078.725374618058
110,18933.09349877445,26437.5300222009
110,20142.634740369416,23972.02572651753
110,19680.091548671822,25867.77841403633
110,21958.652255807217,25894.418634561986
110,19427.80282614748,24911.772540662805
110,22044.176491748614,24705.80568797738
111,21668.09067937947,26388.533879059825
111,19173.2578357692,25549.06737647848
111,18575.27210603339,25121.0873902751
111,20893.22807610813,24557.60380121033
111,20619.678643473537,25918.352855221627
111,20069.58063005772,25971.14422947665
111,20674.27377352136,25114.370053530227
111,20592.46984367132,25427.120436452617
111,18377.08593367988,23920.164084936398
111,20277.1951212253,25819.649242441537
111,19538.09759790238,23716.22568442448
111,19446.185570961403,25832.537189514976
111,19891.62190518967,25522.216207010028
111,21432.086278283918,26967.85954578204
112,21974.19735704256,25388.65438506494
112,20236.380892265075,26978.2839518222
112,21498.222683948872,26314.237753065656
113,19788.36757480995,25173.67100997183
113,20901.76840466896,26717.76670999537
113,18177.39635952856,24901.5071852196
113,18458.496931735543,26323.374195784298
113,18407.92227006436,27465.01213468212
113,19505.86079494395,23629.20586263448
114,21054.64462756465,24638.088064342766
114,18550.967205683803,24167.7689126667
114,18573.9339528796,26612.323914886623
114,18788.45783143414,25763.062362761164
114,19597.647093248743,26145.46421064232
114,19888.09590636549,26935.44407300994
114,18734.264238522283,24712.82957815445
114,19704.51082584631,25697.338700229226
114,21109.89442956841,25189.118380447308
114,20802.11091088304,25163.228517007108
114,21040.07006164928,25360.56990542725
114,21545.817859740528,23147.03894368971
115,22190.842212228632,26061.36538203398
115,19067.67000889617,28871.526315602827
115,19057.08976140831,24554.23842849394
115,19509.1498105757,22929.17459839479
115,19803.33946997756,25096.01459707076
115,20019.639950878263,24652.098778092604
115,20185.762868118105,24819.086925148105
115,21434.029284521646,25546.750532427992
115,19695.07530991853,26496.785192604453
115,21561.982774365653,23007.503584777784
115,19308.240711030747,24869.795460551144
115,21441.91004956081,25511.829534460856
115,22279.722662094708,27510.53569214584
115,22409.661078329405,27774.10598660444
115,19644.57392179045,23786.60602218571
115,19025.623997102488,25024.527204032554
115,19873.553514463845,26572.58848107696
115,19725.844511831427,22569.679238550067
115,20625.903490579894,24955.825535568518
115,20298.81789944969,24997.68826372101
115,19264.957063507118,28492.387276612983
116,19353.448917210088,22656.2895029529
116,17215.02318603315,25405.084159626465
116,21437.87198045701,26282.90829532772
116,19818.25078707547,26409.305459698116
116,21052.500212407977,23691.96572980595
116,19535.0905391703,24207.745319401536
116,19200.82558896177,26728.82961735864
116,19838.16315694425,22175.17452832369
116,21652.807234208023,23747.933609321317
116,19593.825137594653,25372.809382775275
116,19018.44359775361,29013.89790814489
116,18599.894842614256,25354.98218280297
116,22683.62361271262,26094.38745822388
117,20313.79861311673,24728.74443805357
117,19851.65647813495,26861.333347605145
117,18290.192344903524,24927.329230120937
117,19169.28639621571,26414.1035451362
117,18358.06192549515,28281.599815597045
117,22142.80971266736,22790.151562188687
117,20867.52996717536,22833.386763951832
117,17501.465358030364,25588.724696406385
117,16723.887842447173,25731.387842749584
117,19758.001680810263,26522.967792005635
117,22202.60416182791,22922.105035706336
117,19235.571811576072,24129.85401619829
117,21634.832549527717,25079.199694274237
117,19321.921039885943,27883.919009174584
117,17699.15870393254,24242.1595877398
117,18109.603541178018,28123.841562631835
117,21943.87203608246,26944.031233123784
117,21419.728141752126,26759.0332155459
117,20695.47112716287,24898.725827667608
117,18690.303231731323,25086.715932687825
118,23483.53449552341,23313.59496224423
118,21943.68132100088,25828.88202226072
118,18215.771158036005,23848.35538257825
118,17459.387260224175,25335.169099029037
118,20435.40404728639,27762.8473491195
118,18055.63037533964,24553.963184884604
118,18171.54716677904,20995.81054939576
118,17761.879710246725,26227.84445203418
118,15618.102265628258,26361.52303869791
118,21093.947310155367,24846.26534948127
118,16768.241422825064,23485.750584083507
118,19794.45299542633,28491.87786777657
118,17324.49476939118,23129.019735499605
118,20843.332126207344,26120.213570724005
118,21963.531661937293,24503.06349380277
118,21520.592042777,28346.87665961541
118,17117.400099752376,28012.8387272826
118,18872.858225465683,23247.360549160177
118,19003.71756889669,24413.932381776227
119,19550.35849208852,25797.025019562363
119,19921.00755875639,25986.021444005684
119,18417.11031111792,23836.44442530861
119,16882.62667993361,27295.077230983243
119,22661.24650868077,24197.29815962711
119,21326.071087328917,24551.61765407596
119,17040.406042449893,30402.515334858952
119,20763.71608403765,25504.864630449527
120,20836.148014139628,24191.22130293384
120,19075.52413389688,28020.8742735193
120,20960.493657560437,25476.224259575065
120,21213.669262935964,27573.862803415213
120,19408.790206270627,26706.4393587048
120,18442.00517340198,25780.67063945829
120,22314.293195338545,22279.44393314347
120,20269.86236602348,25461.07216242448
120,21289.87992603869,23720.117651528493
120,18859.950686845976,26010.63804657003
120,21740.5318017673,25282.535614796663
120,19418.760519728123,27771.112452674417
120,18096.313326090167,24495.25626179333
120,17818.257027304633,24706.96640831727
120,21240.16139733357,28483.60251088604
120,18739.23920524173,24941.22248132445
121,18090.89495677984,25085.45628619599
121,18378.025338262225,26505.84313422884
121,20464.28314991869,21490.29029469957
121,19417.075187565817,24806.204962146672
121,18449.08315498844,25879.349199571978
121,18702.494973592093,22483.42031671493
121,21612.19596737216,22628.79688419323
121,19704.95791188396,24285.098932958263
121,20340.67155233244,27572.92256821664
121,18516.720802694912,25481.635614715666
121,16206.523214767034,26669.087803282982
121,20380.18923645527,24221.97716448873
121,17870.060718857214,25370.141854953825
121,21177.689259372724,27121.462518407647
121,18875.019032361488,23267.498563476784
121,23530.979241729503,26479.457833450888
121,15950.199481878732,25183.322484960994
121,20031.87266200304,25732.883063901965
121,20812.6482795238,24094.00041729741
121,17689.937340958328,26776.57600611453
121,21501.56540482941,23901.35588375764
121,20173.601359228505,26523.804492332078
121,20619.024292068832,21859.01712818069
121,20902.83258404152,26261.56629815954
122,19624.844321786157,25242.88530244841
122,20165.117967168757,28555.29237936014
122,18921.26126156146,26761.76305156276
123,19360.462642647886,27180.444488733192
123,16798.44003928973,24094.48399584718
123,19314.42836352077,26091.36635613326
123,20494.446824317354,26116.98776907433
123,16882.740037683478,24284.27923293602
123,19246.29083566331,23202.91906352065
123,22026.056991219248,23578.119400305142
124,20010.63687004076,27204.168629140964
124,19911.77303493628,25049.36367964349
124,21413.49388263806,26488.01443735709
124,20028.355763836786,25470.30807833401
124,21747.874601216663,26395.544586300563
124,19869.199813689607,26485.17993929206
124,19283.093384590487,27599.893612938307
124,21515.54226168971,26858.9207270056
124,19962.46490905152,24440.277244545963
124,20652.568391851597,24751.2887216511
124,14727.58482661776,24073.423219553893
124,24290.439345805957,25848.57243816567
124,19258.332390919288,26256.494636616368
124,19895.21972304786,20297.59105115449
124,20599.97559677491,22789.624412633137
124,18627.70821438044,24992.464178203893
124,20937.637408558086,26582.063327051357
124,17911.735415659612,22423.009431178674
125,20223.116586495435,22673.501510169102
125,17872.91275021614,22587.623687773532
125,22572.076720986763,22415.353084119964
125,22981.265563338307,25070.839149582585
125,20059.57676756355,26171.30560652407
125,20291.22863091947,26517.767895695048
125,21456.862002350328,25528.91451951044
125,19090.62250114464,26268.934202295448
126,17356.331053980684,26061.981576058944
126,19922.61521226517,26352.75052764301
126,19768.934139597,26277.893591857846
126,22256.28762718398,26668.22863908662
126,19329.22371269903,24375.755480293286
126,22930.676286782757,21761.996273810066
126,19129.43673939124,25862.00526854346
126,20087.86749276811,28806.429349259288
126,19321.42517630076,25508.66506645871
126,20889.48038456256,24690.362100335264
127,18960.68391800158,28138.3282398618
128,19803.166599617456,26812.68578498363
128,19815.703165483945,29105.395847543485
128,17145.380378774735,22045.81959700488
128,24276.789047645703,23330.026927651237
128,18325.87169091353,26334.88022184211
128,18092.29376095629,26076.550635080715
128,20347.422050184217,25698.35615958367
128,15445.323441044458,22651.859013773286
128,16828.416753257978,28115.8819244412
128,21705.582092971646,27251.56801667428
129,20396.86029094842,26613.60683777957
129,16017.744774253408,23388.953685009285
129,20549.70702970377,22903.08641495508
129,18489.83302321407,21760.318772886727
129,20936.69463628172,25204.15564948897
129,21855.26302771046,21662.228780499623
129,20096.89972082167,22303.4048805742
129,19229.89637763232,23569.98788564077
129,15501.587021535765,24757.44216637276
129,19554.08748926276,26604.47778640957
129,22395.93518126774,25968.172350288063
129,22302.787915952907,25611.688918917866
129,18717.85651894128,25666.50877811829
129,23754.203460047054,24521.268085893207
129,20477.590595845817,25807.543207349827
129,18308.591129800145,28138.535667765
129,20649.146651132403,28310.868554370107
129,19196.00861965973,27800.72302317727
129,19892.518822420898,28124.280534926154
129,20173.924587530542,27848.91007491962
129,17062.752961090984,28439.76352133801
129,20218.57289316191,22193.76186817882
129,18279.35256429554,25292.88473093024
129,19795.72547279088,26932.83243505486
129,21084.24343588268,28874.29648051572
129,15259.027984235878,22871.33061113765
129,20256.698395866228,25772.23197802769
130,20255.006074561334,24113.761838040355
130,18685.243006243018,26843.644451622924
130,16125.468833177774,23538.833013744632
130,18433.51268269224,25118.234857598876
130,20562.113016837844,29112.17644691981
130,18400.1937428468,24034.496789098543
130,19798.357180765837,23316.20477007452
130,19300.115236539503,24805.009622632737
130,17311.912840755576,24485.18920320045
130,20043.73150442609,24686.695930567446
130,20775.136364490383,23756.763790416564
130,24066.104558108724,24066.15483731513
130,19363.117370286247,22831.05845186791
130,22869.66537826602,27092.808931359425
130,19265.914570056917,25468.454730424048
130,19789.359107059365,25477.14974632703
130,17425.377273155333,27354.843664506086
130,18182.904653342925,28583.316519364336
130,22264.94038485214,23657.94900816464
130,18343.472296926622,26026.95002385429
131,20323.068681943947,24112.274639218595
131,18515.938429331585,25142.48068224277
132,19906.14664532827,24781.041060796848
132,19845.90513597477,25152.053796778506
132,18187.507609780117,26566.588434330795
132,23464.94397795157,26685.929037074297
132,18325.217576940253,25101.492881759208
132,18347.41138100673,24372.99385050404
132,20846.10581019835,26499.373862135973
132,20888.083233979894,25746.98705888584
132,20229.30478632114,25712.079034738992
132,17863.015023756354,29394.82219782275
132,15542.450706377418,24084.749648491263
132,19301.08491351127,24903.01628274617
132,20557.99369245924,23280.55237848793
132,18242.362694422314,26259.92319293132
133,20259.22665488473,24813.12073255532
133,20172.230422920944,25135.132625539765
133,17287.8298136907,22696.542097971
133,20548.98618383378,22475.599542448785
133,17268.264751803265,24782.35739089108
134,20404.567143325865,22525.85486546514
134,17784.35802181474,25187.04503841649
134,21251.94112244432,27903.454632694564
134,20064.091663252373,24611.662281445275
134,23706.94374930436,24632.825244993448
134,21921.71516756525,25986.568726426354
134,15331.409424327489,24245.509457933
134,18702.609756796137,23386.970154704508
134,20348.444296911624,22934.6464497059
134,21642.555056518664,27914.48898414857
134,22042.209542800258,24154.207438290294
134,18116.66528160519,26767.801543089165
134,18458.840538487308,28567.19418638779
134,17204.460262416018,23623.058000211528
134,20169.89549125392,27159.255885600534
134,20052.965529819103,25961.4238744058
134,20113.332078540323,26543.655202652462
134,20445.65284607073,28080.734247982105
134,22025.567966379927,23281.533037906425
134,17319.74048590863,27626.924250760865
134,21623.210145689784,23599.02605808969
135,16371.1871325341,25577.42481433636
135,23294.119369266096,21080.255213098324
136,19975.3727541836,22063.72461924394
136,19641.86482858009,26229.694411863893
136,20141.86769473386,22669.6308302839
136,19157.603815217004,26779.077666986595
136,21536.17017164745,24946.84631256192
136,18849.9892324396,29531.121119135656
136,18694.355766755907,25350.612317671286
136,23793.13898777093,26459.006775826867
136,20140.26200376331,25801.330173687176
136,19252.13623800163,23585.464267999345
136,22224.08197772664,24522.253690918704
136,20013.60538675244,22835.95561742565
136,22949.21294417414,26982.471798269005
136,24392.471306476364,23432.69482909567
136,21795.795104165943,25708.767360401136
136,16983.50662242804,26364.24321969761
136,17645.340341049385,28714.789773447257
136,21003.708953102403,28189.96192579973
136,16464.4861233274,25014.186965445297
136,21336.64297192041,26697.45965316971
136,22637.135336420582,24038.6883068534
136,17055.35577350382,23920.83866261954
136,22213.892989697004,25076.56605978864
136,19167.780579653976,27418.92209553181
136,20220.26663974327,25090.76803951326
137,22028.717791548388,27386.177206326807
137,21489.84962158621,25550.136695727026
137,17160.09057165737,24959.603942737347
137,18164.41431787026,25670.103053263825
137,21517.04106349449,28052.14180429521
137,22229.129212236057,23413.598933753005
137,20158.395574696748,26881.74479879728
137,22126.65912483183,24206.590266232663
137,21766.36915892761,27110.851033736868
137,19404.249299187533,26416.64309804783
137,14535.147881824714,22320.739064950594
138,20981.540783414588,22150.72791861025
138,17093.129008543576,21202.31819284409
138,21927.056199312905,27457.90637643482
138,20827.11790860612,26009.322353835407
138,17887.78972630612,27240.715399385062
139,21890.67111430482,21617.436498433977
139,18550.025829312886,24251.76683538005
139,16591.217356381523,27184.627397044365
139,19812.573755807665,26783.083026581746
139,22803.65073353049,26675.337895614142
139,18204.87881077966,26505.32345738396
139,19474.57354072871,24562.543951293337
139,21705.44104963865,25663.29868309277
139,18254.31115323064,22666.23657894649
139,18729.645618729795,26880.45867474253
139,20663.88095845425,23283.98414265919
139,19635.16236371384,27079.46258705621
139,21126.50690533459,23262.24812718564
139,21287.094133110186,26800.266713586807
140,22479.17547284597,24079.1696561873
140,20176.36688375753,23610.44432985895
140,20124.892414432667,27971.208772251823
141,19399.23908105197,23263.216743197816
141,23473.913953251755,22040.31416502983
141,18966.10967004139,28584.50570591723
142,20366.718973286446,25877.42336778234
142,19202.172080700697,21549.550186901582
142,19015.560059376392,27135.83610844009
143,22752.532432081272,27574.30275453901
143,15912.458187904693,27912.54819691516
143,20486.28773622969,22235.31387188157
143,22604.25894847313,26310.771363448584
143,19008.881618731142,22106.92696100851
143,22659.21558423373,25602.75101950777
143,17412.88232930878,23559.84088167432
143,21011.671257436014,28581.04137497054
145,19313.181458593357,26465.32069059972
145,18207.842280830653,25175.452172414647
145,20835.70149077973,22778.5564744808
145,21649.856025130284,24679.74906857297
145,19544.985634011504,26655.021822661005
145,20660.09297704922,28129.12131039101
145,24248.219560811227,25752.32328524729
145,22071.06236955495,28041.396860904304
145,22211.699564930088,27465.494242606183
145,21878.837929140507,24688.811073607263
145,21111.10305569848,27878.0515021412
145,16234.257031751324,27187.2349426728
145,20031.506374727767,26397.37638728198
147,20424.440300832284,26385.13489594145
147,20406.50663717723,21815.32761559768
147,21113.044417222485,24916.473828349383
147,18134.29312710016,22485.20441181195
148,23170.56353782409,27342.0057651504
148,20583.58861597297,27342.23565397681
148,19950.49716634505,25327.659208611145
148,19198.967620892567,28805.729286174344
148,19187.080733513325,27306.184088409704
148,20614.3720323413,24760.660511651266
149,21981.425045679072,21602.04382519653
149,21115.999021737272,25276.501925896613
149,18395.016463723427,24248.74978346905
149,19293.01869427769,25371.00810707757
149,24486.204737898355,26174.13296127904
149,20176.44480476001,24652.653307929435
149,20165.308337808943,24601.114404605003
149,23086.77192448693,20730.14162833532
149,22435.74545095763,22873.936336457824
149,21425.59718652212,25156.605404220663
149,21076.28351830438,27353.48843384641
149,17369.73473407113,23176.06375983849
150,22035.29059896383,26433.902578023557
150,20107.65832888197,22774.124522427446
150,22760.44008737495,25357.53983301741
150,17968.77186515476,22218.770464570327
150,18225.706468760756,25086.2821763202
150,22737.796688781244,24938.314883275645
151,22540.21611187645,25401.33285409011
151,21343.325536876306,27330.746790716457
151,21176.921775804018,26553.132133161944
151,23705.25128496804,24051.60515726913
151,17862.017385517065,25385.861586174145
151,25910.58652345938,22652.726920145644
151,18266.82039512114,24276.45687046074
151,18955.26833204249,26440.50992205124
152,18698.060263954558,26204.78780807636
152,15283.847819282197,26133.89531514905
152,19779.653850007016,27611.826401661205
152,18346.41184488629,22809.389450369104
152,22099.145150907523,25264.533977872565
152,17254.684232448348,23609.85475195874
152,20454.89596153841,22719.711239840915
152,15651.117636108616,21932.92047813903
153,21569.88700501164,24510.579936772247
153,20953.80566217625,22841.191881925108
153,19848.97143162672,26276.649266593435
153,20254.51120459025,22922.28438198764
153,20702.92123663409,21041.598554413533
153,17303.27950314159,27485.422857749407
153,20923.606708035164,21744.156758453057
153,19073.70985605999,27422.87592713868
153,20901.214969890207,24110.739579349894
153,22266.308960101527,22628.991362885205
153,20447.226751489125,23612.27252116575
153,19774.46319416721,26188.841522264003
153,19524.760943499958,26428.689588339614
153,20275.80979058663,29081.68028298197
153,22191.79104428209,24650.963247135653
154,17571.648470720345,23131.13840503548
154,15721.16489778993,25565.580038317705
154,20040.15449658708,26607.94862784688
154,20570.982750093077,26112.346278791152
156,18878.51223833973,26810.03617882873
156,17690.332962979715,24183.037693509337
156,18083.939935137816,29330.642502426672
156,19695.051516087595,21498.98235624955
156,16628.422440946222,26263.98595455556
156,17688.79846753028,20017.73480081395
156,21967.99136700786,22213.07592844945
156,15270.123540612847,24628.54008578824
156,23964.885719289457,26678.513456581008
156,20967.67061127809,25025.06575524
156,17404.135084249294,20615.3014547624
156,17672.20551455936,26265.87016029531
156,21169.246033096155,21417.99716082042
156,16644.474936623563,22567.756554681466
156,20640.39523821249,29566.60997629948
156,20427.703930552165,28266.110572839752
157,18463.39271033713,25159.65618465044
157,18908.65836198168,25845.77066115357
157,18284.22294836194,28306.253431141507
157,20743.566517567517,28696.082222970883
157,20677.69133732387,26510.495135446097
157,19563.833144406068,22772.29141822717
157,18314.355312864165,22144.953452111928
157,23488.00579581884,25528.53042524712
157,20975.756555766704,29314.37449680717
157,18721.36173075937,24002.768046176137
157,16806.393749953524,27606.91603582361
157,22138.070003767523,26032.71919724349
157,20340.390704439546,20920.8227944507
157,21085.25692802371,26765.48031890806
157,18056.474374410114,26434.32176811773
158,22206.779378726693,21285.969895978054
159,19468.44788642963,24867.844857215223
159,21152.295072254707,24964.672249211584
160,18168.45902597122,25656.28177471742
160,19104.47250248677,21244.53068263449
160,17430.33035081918,24604.85091161273
160,16867.603847762217,27009.38423229952
160,17872.012213153266,25488.34633922585
161,18045.44946887989,24136.457540717143
161,20251.40851910271,28441.212757780148
161,20870.8744854225,27880.22685102502
161,17559.853169663747,24685.940230807144
161,23348.56895318407,27001.22541042304
161,16360.865802994982,22098.335696576414
161,18731.442259310017,25641.913085407883
161,17208.706821043612,22818.581717079876
162,18727.408190030423,22050.701348666105
162,21068.47775894004,26296.579055887996
163,21263.54698284397,24785.372832621768
163,21824.87108848552,22902.665154559327
163,25259.4986082429,23434.34755542113
163,23216.070204195174,27341.999116437677
163,21753.801021867872,25820.451982769388
164,20542.74990850428,29847.064875269836
164,15673.66498823548,22228.740919901044
164,20407.05346340508,25112.54696390544
164,24808.286577415136,25621.029957163097
164,24226.33473079729,24393.257909414555
164,21093.57804731571,22075.1527693955
164,17274.123983309157,27588.10357686828
164,19853.427646763783,24791.780896889613
164,18765.8589648082,28286.02560354423
164,22396.551193176256,27378.43973800854
164,18125.12097125345,22717.99733622097
164,22503.922764219034,23781.43912301457
164,22790.7359761069,23343.58649284719
164,20958.69747713642,25540.99785420364
164,21633.67872559797,22974.59323166516
164,19060.67962614541,25646.54793706387
164,24132.782240766523,26710.5920766376
164,21095.819319038877,25514.824098843543
164,22195.168623206704,26672.158134398505
164,19365.149206028826,23458.140233056343
164,21876.677925479016,26946.232752851265
165,15905.259437116889,21752.334887160054
165,17781.31050191213,27660.113395391178
165,15049.602064537508,24710.947898195634
165,23983.88410070128,22926.27815997377
165,23576.57713876151,24899.64455273003
165,18129.97304362667,26915.49917839996
165,21627.40388167932,24260.906806394272
165,22933.659492098497,26534.11788335272
165,21399.842955580472,23769.137460226164
165,16100.57938747573,24605.75901366685
165,20260.94586420879,24592.041032961384
165,17276.12366566706,27326.963940101392
165,18199.96240334798,29108.606379228662
165,22396.349327973538,26887.89035441849
165,17509.54967312655,23283.230293790017
165,20310.532496716223,22298.58437718734
165,20874.549544195383,27898.73753851238
166,18420.79083609944,20671.38781463028
166,23199.313346921823,26595.0125302306
166,22826.320823623773,27995.330548560363
166,22009.399465837192,22770.579099372066
166,20812.617257352867,23835.29239720124
166,22650.80223081982,23708.4063357728
166,22768.799612280254,25423.48068122013
166,22039.4762698102,22676.17752430807
166,20199.154593735995,24869.753487913917
166,16186.915807699785,25663.490141550214
166,19109.307705664723,19951.059144105697
166,17914.340712986443,27429.10697113553
166,20272.454107043584,27557.576953740056
166,18322.69942004909,24662.96491599327
166,16295.41836639847,26092.68344864539
166,19794.300290801784,21275.504414702955
166,21688.517829711363,28241.748418249408
166,20114.478979273503,26335.270307625015
166,21033.459557787937,28353.1512344507
166,24110.61798181205,26020.9892229233
166,26753.072904761917,24918.419126665885
166,18436.361240062182,29212.66218894696
167,15408.203503565492,25760.05298657996
167,21231.821134830338,26103.19468994952
167,25470.335558932213,22140.71898849198
167,20735.46001577605,28383.541453849997
167,21960.577100943723,25087.313099520437
167,18922.38358054541,29391.64806151946
167,19428.51785791704,27337.88735598093
167,20446.15544663692,29016.64230209478
167,19984.469588378197,28006.25289477239
167,21017.0868315624,22288.48658493024
168,20469.865633139783,26176.276940552078
168,16653.2040716567,26584.65077390409
169,21742.30377658844,24953.96956911609
169,21392.368289631024,24786.494799395205
169,17670.719443989077,26840.69274905218
170,15930.606697211748,23112.658102539324
170,18132.57647380914,24762.715565783503
171,20800.2700016009,23208.28455051233
171,17603.55906851809,24154.263556100093
171,20465.88421355267,20592.284067162524
171,17477.31707294716,27813.39630396267
171,18610.215239115205,21254.71361441711
171,19116.860837405755,24176.34971121053
171,18036.654813779955,26333.5218082432
171,19236.77306480829,28001.85030557048
171,22338.25817676215,27738.277435400447
171,21466.335784997904,26211.68402998958
171,21554.523607936066,27253.79978014945
172,19951.56897443381,29480.482591147644
172,18027.65859836618,23811.167769356693
172,15940.468210853349,24202.282952994083
172,22711.648137990745,24779.700133964987
172,17591.767212277166,23514.449301695782
172,21260.15214624941,25646.393768074184
172,21393.77439651336,27808.47623247217
172,21146.85451822237,20555.892595926263
172,22814.12912300556,24044.489582831728
172,18645.44240784277,27840.95619287773
172,16245.425670629884,26188.350937663046
172,20861.88420739512,23829.245308836085
172,25380.44485940758,23039.4853541604
172,19238.53544276408,28075.004553537827
172,20116.724262832235,26332.42192791533
172,16741.217384082734,25957.91538339734
172,19493.37585788626,25115.1389388398
172,20934.77908673764,29902.1965564645
173,22935.18501780892,26731.730980302244
174,22696.05566776719,21326.48836411149
174,20017.509550004837,23927.30148601208
174,15327.976783342508,24624.686823576787
174,20560.399196136488,22941.755926965325
174,20179.377823318155,23424.28749390593
174,25595.13481318834,24633.65197914542
175,16126.208484860415,25291.11285792665
175,23311.702799169336,20505.646800998456
176,25340.555917071077,24305.7760973992
176,20150.8694588128,19374.90581184452
176,16604.243926350922,26897.858821788224
176,19340.275268749185,26432.20610330514
176,25772.1236411122,23128.79382518965
176,21342.63388761525,26158.82355545886
176,16215.701027387337,25723.37705222193
177,22750.531568463903,25062.968637341317
177,18226.72545540416,28599.22597350442
177,18367.214809109875,24069.456331096317
177,19336.670601134618,20297.090305110883
177,15884.12019504735,27143.39233346692
177,22430.65027037573,22114.45253074462
177,21912.467317306757,28180.62801734192
177,21284.93999938805,24188.71544523356
178,23227.729504789,28759.13083583384
178,20326.173156294702,20336.332689342056
178,20018.8202832472,27247.553113677048
178,15931.00589183175,26144.614752987916
178,16873.1755390807,27944.469666441397
178,15683.79320202118,22924.838191717598
178,18986.985197800244,20067.28016765962
178,15592.833928440634,26656.122482184222
178,21585.66646607921,29173.79302380256
178,19296.2005053936,26147.4099871927
179,24332.441933966897,23665.36195908404
179,17209.698081302267,25454.56978705864
179,21432.447046457848,22156.64837649412
179,23361.110948844453,22884.358056453377
179,16410.82266178606,28091.271439814554
179,21831.587484872427,27448.19715383288
179,22344.413793095217,24444.78775656601
179,22977.5876779788,27064.565379230025
179,22265.60617097737,26742.50160742735
179,19357.32701526201,21808.20861677266
179,20816.538393555125,23468.11440982468
179,20657.9581202677,29818.460404677546
179,18176.589977676933,27834.419351678625
179,22643.503605085552,22689.35773732324
179,19423.04421904912,20776.521243157506
179,18298.14242679304,26772.797234740872
179,25865.64370122428,25056.62482803717
179,23509.978639020555,27204.07555162201
179,21128.899864630843,25486.362185844715
180,25605.595502409527,24729.4051597021
180,16391.064389383977,24247.45419589111
180,19731.96922484475,28995.59779376554
180,24089.384953103192,23882.483299319934
180,19822.317273040237,23593.93615724897
181,22780.66408706875,25884.585425180776
181,18972.70573705363,23713.18187073563
181,16764.839822932954,26645.707495680967
181,20424.73451834942,26756.271189120453
181,23986.34522097837,23462.379888449505
181,16739.91506488914,27195.752590444143
181,18574.68266300192,20234.61013634424
181,17420.14526250755,26510.22255007508
181,22451.847975713463,21148.04853205456
181,16260.164699804962,25428.059669923085
181,16693.631663540436,25075.23720540464
181,23791.229343091694,26392.868770503417
181,22070.258108943683,26972.48656026626
181,24971.04357022948,25682.627792687523
181,18163.517912543688,28335.853915053587
181,19494.197362391977,23733.524161996786
181,19454.81286175206,23746.77384908303
181,23174.483467814647,23969.55952521192
181,25997.58249311679,24045.48528690119
182,17897.40849984481,25636.41729524769
182,21348.39294134285,25265.9399576648
182,19555.74408029836,24727.608290134016
182,26205.8069406242,24751.21151563202
182,21052.64595325982,24179.477285855945
182,18442.403546203623,27734.302698947293
182,16468.50778889389,27748.799001574236
182,19956.76325214826,24341.947672150018
182,19119.498064815973,25517.544760427336
182,23413.83437054268,20892.55885961961
183,19827.097392676013,26488.14250335092
183,15170.835910128935,26680.62368495501
183,20422.551865848265,20798.91139076861
183,18515.877056326117,25221.53746472792
183,26529.95034308516,20973.179153990568
183,22434.157591265808,26341.29154459562
183,22303.639473534116,25585.366348858865
183,19571.980427252984,29922.02421066788
184,19315.99025781678,26771.09728120468
184,22452.917795700712,21460.66272051267
184,22006.3688226463,22956.78913272607
184,16399.23582722363,25793.06255035916
184,18922.50399421009,21072.52605432557
185,26516.62492940182,22093.41808506593
185,20873.46198726397,29796.597074796813
185,17453.433926397327,24217.66324669077
185,25661.33135109524,22889.35905083404
185,20312.000724595004,23984.43265181646
186,25431.354195999127,23513.71602808431
186,18653.582266875677,28633.186969998154
187,22410.4804655885,25665.6121199623
187,21396.966669017413,20943.32360344477
187,19269.34746086632,24554.23977285669
187,27310.424439020702,24401.42013714517
187,20916.055910301675,20560.01625393965
187,18689.02780040717,24351.670151662325
187,18753.965808874036,21283.00014891496
187,24167.968590933888,25675.237888117503
187,21824.913305976486,27959.37144187604
187,18957.837067271143,21839.637225662194
187,18272.73853053984,23072.9917790766
187,22057.706769348108,22831.69868056249
187,20234.20185791016,23378.98384888446
187,19984.490157442808,26116.7538549804
187,16824.191317928293,23682.852106428472
187,20623.87603935961,27611.67585831252
187,18480.533604839937,24480.150440834965
187,20899.92127574519,23034.471926889117
187,19723.015458914862,24899.038867177267
187,17069.021393857154,27216.259823325603
188,18811.625032826934,25883.058338550123
188,22631.72128866563,24413.08789310212
188,20302.26455950725,24715.85792270469
188,18393.723865243603,21911.67467972281
188,19739.88589352876,30505.156865812605
188,23774.402113769112,26811.08347480978
188,18340.785674734747,24849.234918749986
189,18901.556819914196,26044.418505403966
189,16164.0398245432,25475.62459822887
189,18911.00427393512,26405.022651155698
189,22140.923265553112,27585.627161545806
189,17138.989440381243,28287.37577679881
189,19789.716724687845,26990.18806691207
189,14614.609147297091,25791.877003087357
189,18514.60324536397,29248.989744457525
189,25608.32192018301,23736.852950660665
189,17145.009767860123,22799.802755346675
189,19998.67944262568,22579.52521757057
189,18885.96391138979,27256.789226348377
189,20999.92329973963,27623.72489272973
189,25303.154079754044,21829.479711155407
189,18203.010983407024,20672.23319070247
189,18949.18004361515,20300.67981986108
189,25482.031265403897,23778.65310904378
189,16547.81304916874,25398.370655364582
189,25918.602381262197,24764.55892220701
190,25234.338565288504,26220.347412412462
190,15968.38771465137,24054.74771652878
190,16684.066364482907,21966.698821023278
190,22107.08194662817,25956.472171103997
190,23355.68209755632,26177.68228204788
190,16106.95400379995,28858.952146686355
190,23557.56626739167,27638.57655030902
190,17940.443500578673,22760.72865115305
190,19884.56160933208,22352.128745824124
190,20031.20352197344,26941.906148978785
190,20751.35264693068,26526.58307719359
190,14922.686682242344,25188.25001193061
190,21245.205230699,24468.051631068836
190,21527.10010676316,28014.166240886778
190,20852.63784309711,29483.16419750805
190,21326.02571714952,25094.532898676527
190,26193.54043881981,23852.662288177056
190,24301.584191116595,25783.44729731108
191,19572.030487842607,25953.61678313473
191,21864.409692764235,24257.277480935383
191,24530.99742510536,26613.46150172071
191,16954.18672727896,25994.2905277012
191,18385.94840698169,24283.16208626098
191,16111.976619808907,24030.602006513687
191,22114.06566122608,27432.94132144464
191,21319.28634437568,25104.74347587156
191,22374.85480691255,24486.066365054856
191,17846.052164786484,22973.70661008217
191,24936.723925964616,26087.17889817451
191,25997.458536008715,25579.85706732854
192,20607.60026899312,25290.9900714916
192,17535.320937382457,26228.87337419096
192,14588.778984486938,24954.624619460126
192,19862.916387276782,28275.25578561164
192,18661.134686972186,22952.61163400366
192,27874.479946845557,24226.419368888724
192,21161.76667512024,27102.18995855056
192,16342.93455102218,23443.47634627545
192,19579.48193111342,18464.600485756862
192,25202.94043679467,26849.760706834568
192,19598.14151402592,24674.12855624648
192,21418.28123012033,28416.5531479562
192,22326.286882305696,23013.792252310144
192,18997.998794260337,22838.42168607572
192,23134.922640669218,25987.91287396205
192,16681.720970265837,24281.58458346892
192,18366.292229857387,24186.474245299887
192,20021.318639044897,26027.79980893942
192,20516.34872760693,28953.43950228333
193,25908.892045539767,20654.398729790824
193,25292.09148622968,26204.91520896239
193,17216.152772311456,17662.50061078598
193,22485.332184179617,26028.603174228425
193,19853.374706655784,23150.961714302637
193,20439.606056790934,28316.43358364741
193,19843.92479938577,27629.02053564126
193,18543.77661927944,25624.4936351743
193,24464.50946491234,24562.62284920494
193,18184.938498532512,26085.640363669205
193,18363.23256939916,29653.058978727742
193,18427.283086152707,21540.35792884668
193,17425.635521148197,21390.106878546445
193,23492.44810025067,25823.96495662681
193,19935.594267638357,26898.279471667232
193,17826.898356604055,27134.30181782957
193,20005.748777017823,27241.91804857881
193,19859.586462089715,19839.28681758468
193,22543.96007721416,25009.411444761427
194,18456.07507825315,22504.048535313992
194,19257.505271742477,20728.976888191883
194,20470.96322673356,27295.63581011991
194,22809.463401445777,24515.00744903171
194,20318.519320724896,25086.77458315841
194,17073.16861656322,22294.21874026837
194,19993.18281874492,25176.92725777118
194,19837.133373566445,26257.84500383397
194,23163.762480291814,26018.47709141405
194,17440.58509357138,26764.477872957643
194,20213.32342617338,25034.210226510004
195,15446.730446820737,22551.135623795544
195,24377.139631045586,22199.479763455387
195,18765.047505758343,25947.594491323973
195,19673.52922382224,21648.780493324368
195,19055.291576695785,23031.27567421056
195,23928.589956606025,26959.664066633886
195,22499.395466843154,25538.622799221022
195,18944.59348222021,29632.712944159168
195,15828.645207930238,23505.12927063745
195,21015.44693339854,27337.343883844776
195,22597.75874478808,25974.550581243708
195,18418.90496793112,24104.684447236104
196,18179.017798092587,24977.55773232872
196,21493.485847979977,28176.719271676968
196,25616.603871642463,22437.99170997716
196,20519.111227225072,23178.748382346963
196,16370.992856603125,22404.60857757704
196,19073.97085682487,19413.664547352364
196,21071.103538259777,20274.990563961423
196,21825.661385507563,21475.792090619318
196,17498.126086401793,25615.309671046813
196,23680.575153402355,22376.21276379354
196,18817.458316784257,21992.59464745194
196,23045.791394318185,24277.714922676358
197,22322.26619520623,27157.4833659948
197,19554.103296613877,22646.89512507339
197,18303.747514559236,21667.971927406663
197,24696.006910191845,26173.291331992048
197,16657.227814123762,26795.070591915945
197,19056.80545492764,21429.669230897685
197,20031.35827785756,22829.31009407949
198,18446.127494819822,19456.771614182268
198,16619.62312332343,26375.90230985234
198,21863.47394814953,25634.48794003586
198,16942.012155977445,17687.836026337798
199,16572.27591269932,23714.558218963244
199,26614.13754374013,25497.170493622725
199,23432.688186128296,26127.841288811254
199,19470.16466850489,22492.69453258049
199,20410.11355615154,20477.956226830524
199,19515.13315191464,19266.996390128643
199,24946.15448675835,23209.19445729284
199,22556.15656639674,25103.43349894837
200,18459.068009045503,25644.72082480018
200,22168.7088498603,25857.15031049196
201,17204.741458027955,25457.4528253144
201,22708.154367015693,26212.23922579453
201,17854.12833002756,16878.645301523877
201,16306.618954242113,26042.407366612395
201,22120.016586745915,23309.405267226157
201,18846.202376789617,26918.355340108792
201,16953.663150034372,26366.07895619251
201,24698.345967874564,22923.95441029832
201,19674.9611486168,25217.328752214016
201,16970.88087706725,27512.921651351226
201,22864.929594086425,24935.554504514563
201,16257.79747592497,22205.633590379854
201,20749.09353049656,23700.384368568157
201,19963.42461848253,26927.56285661119
201,17060.919063170237,24251.3269564881
202,22609.52579433214,25334.31776285148
202,20861.700148087803,26594.52921559128
202,23236.00856328084,25116.032057091947
202,17061.128085679127,25871.45809044429
202,18660.134895815867,21105.761652645426
202,16098.879403688592,24935.96342327757
202,20882.98339228508,28622.19880512221
202,18441.652637347262,27870.112250454724
202,20907.493828502887,21013.26394683253
202,25449.05975284254,25487.9106265259
202,27525.60958187731,23124.09200089803
202,19982.983437317234,26513.028803827667
202,21688.97350660349,29647.098638393672
202,23039.90168154786,22051.005964359523
202,23089.403378492552,26663.762750337908
202,18867.516352138853,23195.07216592444
202,16554.602661161596,21481.845713466613
202,15296.97253681333,29340.198837170534
202,19421.996869238414,21877.884083032965
202,21980.45677440857,23129.441074810165
203,25753.29241945051,22066.28692364381
203,20037.413958195848,28547.869679855132
203,18603.810817491125,16656.415493430075
203,16884.154136300447,23085.343269072386
203,18140.34995932551,29258.55896097533
204,17498.7561919476,24784.12694728495
205,22254.734587322,27608.20831695492
205,19839.49153182739,24272.18707005177
205,18194.230937813318,29417.775523913388
205,20117.451571601967,26994.59031346141
205,18922.28122280313,20032.8764188473
205,20165.536765789333,22359.63504761624
205,13856.15539145792,25261.40861843288
206,20191.860096705048,27055.547507131647
206,26897.947515914515,23084.89285054577
206,23947.97245196545,24137.986057273232
206,20282.799614904936,28621.894361088885
206,16598.55026261856,23476.96739966864
206,18937.624770656108,21827.460038221823
207,25828.0345245272,25407.69875546611
207,20299.026251609124,20739.602893925723
207,22212.15859145704,21765.39947583624
207,17812.228702548775,22449.01759887384
207,18229.00247522304,27991.31022705013
207,15095.774914491569,25440.96034282037
207,19996.935169985863,18883.48339988271
207,21667.24555824581,25837.95675772061
207,19499.079060230622,24385.541376275472
208,24852.694484113345,24133.14712168842
208,17749.25395808415,21329.732032496144
209,26034.495963626603,22078.215742121916
209,19324.02220749469,24295.373520951354
209,22042.654336981428,21730.181170426626
209,18911.21088076588,24682.81388002694
209,20428.59305582544,22668.08622767995
209,19172.92393231092,29647.39214222454
209,21633.699813452648,27670.033728554663
209,18137.194967376538,23972.766586640613
209,18316.274059980977,25387.868436121484
209,16746.042426528205,21843.491574023654
210,17779.32093764386,27635.890187164205
210,17800.455602927406,25299.692902017094
210,20094.18183117691,18373.32608605799
210,19669.14841500308,27344.54416971109
210,21883.41161813824,27711.32223650701
210,26404.455250424755,22721.32473081621
210,21981.53615063342,26910.160190837305
210,21837.24706291678,23009.046457386878
210,17412.220485527585,24022.89796885992
210,21894.10160623623,28821.840377931505
210,15278.974194745626,25624.527402142317
210,17760.71436219474,26758.01247326327
210,18670.672151645216,29585.62123558772
211,18910.969704525225,23570.462759121085
211,19475.50195301763,27309.808649811475
211,17812.22518063358,23277.67139055514
211,23487.3036557785,21753.566925218223
211,23055.658649571607,22697.484672287028
211,26753.19253735525,22128.055559245506
211,19253.859752731358,27589.9510681204
211,14685.015974227195,25413.58326242431
211,18927.070017150603,24404.150455824525
212,21785.895579175936,25727.499125633192
212,20527.6990848331,25260.52448896957
212,15102.581304393956,25065.043474956838
212,19892.64960179668,26458.88976655183
212,21003.48144110381,27572.934599628203
212,22338.94504899261,27687.84772338821
212,21344.507715487875,23198.245477779976
212,25956.974400700237,25920.398781782733
212,14485.07931140751,25799.914699545123
212,18149.044789786683,21801.81613130863
212,19468.522016748288,29147.52029266193
212,19714.527832198848,30392.35833885077
212,22481.06078108616,27138.88863113144
212,16411.88401994507,27823.04147720646
212,26040.829645650803,24984.12439708957
212,22343.830396321588,25708.39959781908
212,20329.479567894425,25826.138226192765
212,26561.377382581417,22905.814255861205
213,18644.659514703857,22300.66097205132
214,21188.92326319765,25565.572288662912
214,22232.20777198112,26462.38531674756
214,19064.86731633944,22961.84270710409
214,20031.25934203252,21490.14141758023
215,18366.04858196149,23506.8370195044
215,17724.36015514445,21066.297410349056
215,18454.46579219902,25662.126620252253
215,25031.155424658453,25523.485855991097
215,22343.11798314985,24459.55385368417
216,19292.69434805534,27131.38199628351
216,20468.108188658294,27668.05128189121
216,24350.61008159038,22182.987240918534
218,24620.908132223147,23107.19405488589
218,19678.912438941235,23241.766363012743
218,24075.490444928146,25104.959862743533
218,19910.924713346914,22740.74537633489
218,20825.110706472413,28661.978940733887
218,27481.069491755334,24533.165352454365
218,22846.57681187555,24328.32126146926
218,22813.474060901965,27714.35641253435
219,24474.740598547785,23668.12299363516
219,19174.167445728766,18752.735800606195
219,18821.58715194201,25256.99871499454
219,19260.81642621205,28716.558462396304
219,18071.48770631512,20125.995968631378
219,21918.096025071965,29986.15949382934
219,19977.870339958296,27704.226211368397
219,19010.72958242768,24791.72957552537
219,26641.79848794883,23865.855197429923
219,23646.21633373068,27012.030186790405
219,17396.511238757987,28052.159059361577
219,17521.75280677504,24727.56568931518
219,23995.852665566807,25426.17582637336
219,21368.122431143394,22051.435374757144
219,24393.1376117065,23861.426608880305
220,16521.39086560506,22137.46303458296
220,16957.432533334355,27142.37002366866
221,26173.783914527976,21399.79115448142
221,20012.425785402414,21882.21884421052
221,18745.44203767371,23399.1447888744
221,25528.20712489092,22627.29379216538
221,22188.359742373683,24341.19148716521
221,17264.439120390543,24573.566039072997
221,26876.63581367853,22466.92224337138
221,18320.605091920286,23807.17987920622
221,19207.98317801568,26159.048799075183
222,19029.11711124669,20618.12482862285
222,16318.795426059134,26084.19747075944
222,17482.750777778157,26031.96665396063
222,18764.933184006368,23624.83378106853
222,23667.27678769396,22797.698129040906
222,27439.891333278138,24467.25953211367
222,22428.725079505224,21285.832864555443
222,20041.71051062,21344.9440750153
223,16897.495478694702,21695.396332030203
223,19640.04041276913,28591.665515813464
223,17056.45070762389,25714.10851341464
223,19908.878739916723,26725.26708334921
223,23457.833636544823,24910.552483645868
223,18532.057452085923,17711.06166831076
223,22434.07412560246,27123.228909422694
223,18853.0264350108,27000.679299841595
223,19341.98799358782,29921.4811170363
223,21508.037318319497,21144.817108138726
223,17859.282075233055,28638.166045052614
223,17977.756495684665,21174.08113394952
223,26223.347051419045,25932.004262462124
223,20524.181896786093,27822.844905578957
224,21434.33124688509,25927.67801524671
224,19159.82909052229,21996.288663636045
224,15732.46627558736,22313.988409181085
224,17942.974682234737,28493.35188806569
224,18156.84126620881,21586.355672848847
224,22595.201732938684,21707.631041424866
224,26790.848340134988,24287.103333064548
224,24360.233550182074,24034.771689956466
224,20827.18110364447,21503.59717082125
224,17363.722399577135,22010.362932269672
225,19116.73450776448,21753.993274003944
225,18730.27539259565,21315.34084615576
227,24044.649496741324,22634.420208641943
227,14331.900587814162,25024.43296646566
227,19860.655373581747,25080.33564760046
227,23448.81611992741,24039.53570185666
227,14587.144388192515,25757.05846332984
227,20918.97962182632,23610.692617022298
227,25468.610554167848,24883.89495361587
227,18662.361733825397,21879.83785423531
227,21451.015892968582,25138.156240581004
227,18071.75059807639,26440.09002285212
228,20458.1778462223,23804.889155298533
228,22855.07551774193,27820.10275889404
228,15710.964923613294,25128.434200083764
228,22823.95916742682,22345.443380318105
229,22229.2923437676,27140.097400566738
229,21195.682659140024,25342.748320906125
229,26001.30127052669,23132.40754399283
229,19564.06129395043,21211.361851699952
229,18973.354395081133,25800.24410222989
230,17137.62133465912,22502.265405573344
230,19901.953362165223,23872.431917360216
230,18639.49005460328,25484.35928974732
230,21306.672981635587,21547.163270520454
231,16002.079690718036,22811.808950144296
231,17090.976044164232,21218.27059644996
231,24710.83393967494,25371.87564713653
231,18467.13345372646,24820.661761351774
231,26066.367369837317,25007.65061025604
231,19068.46153029748,29213.25780822454
231,21742.54494148142,25962.35375618748
231,16800.955211795437,24257.69604620829
231,17512.779550230847,23753.69463321205
231,24294.443084013736,24580.652663748428
231,19555.735695266616,24995.488178527557
231,19349.89429933751,28956.224131261308
231,18088.622183222946,26303.47768358379
231,27917.572039471048,22710.467909925566
231,20921.081214713577,24136.13720668024
231,20818.039350767343,26188.35451709553
232,17143.18055519344,26881.971490792246
232,17472.142701535216,26659.671925929
232,16727.3512404189,21164.396763674387
232,19981.073451942964,26222.821492934363
232,24921.149512495667,22409.60768507195
233,18116.35598027866,25112.90254217064
233,15449.84028294425,25052.98950002781
233,16786.65158358544,28581.98192879451
233,22451.90682785704,25262.646648394344
234,27026.30586227604,20595.732890500472
234,18141.0111586398,28132.299504723644
235,19547.30790199237,26792.89235059731
235,25803.790633874098,23216.09488479814
235,21000.581842244777,25820.59733090132
235,17308.631119530663,20892.555011268443
235,16855.97429128777,25878.71478113184
235,26704.54739303742,23683.43968148225
235,24648.481771591283,24458.63587174896
235,26819.75695690049,21709.36951068629
235,18645.627320967786,18395.30811187893
235,15793.738431686626,20323.437104145218
235,20535.049985243197,25957.011922573507
235,20447.06756168474,24588.88599323249
235,21380.388609330967,20866.757760096832
235,19209.9341644534,24733.35118513046
236,20004.86355425415,19807.95227775174
236,21424.989503262663,23314.696715680704
236,20447.6072768422,20262.185113666503
237,23074.153854073647,21740.04284477296
237,21600.184219613064,21670.53941751512
237,16428.836651812962,28650.29923524169
237,15049.762680461825,25593.75639737937
237,19391.539403344384,26366.194320607898
237,20138.60763513083,20850.846958379854
237,25737.317888716647,25361.037254895055
237,18577.47169374829,23008.069648345983
237,15708.590892741651,26557.764787847194
237,24322.88893324216,23614.443440230752
237,15496.260321966807,27064.792125367963
238,15968.759104237382,23204.532351170084
238,19452.611643572,27005.68420895501
238,20135.32884081768,23554.37267574885
239,21918.860750819906,24814.77371512787
239,18975.367890028,18441.453712650546
239,20137.38223554391,19526.016899849128
239,26808.395809411195,20550.47362615538
239,22212.77787846705,25678.645531949795
239,22443.172094493195,21050.469140778685
239,21762.34374041889,24239.4801437955
239,23545.73291835018,22431.79296607868
239,20261.693444665227,24230.31782998127
239,15062.675931610233,24457.70620174626
239,18006.810171356978,22163.230969477478
239,17792.50434975012,25666.307256511005
240,18700.909932819523,18326.02036903466
240,21061.60370211138,25840.101864541688
240,15914.238013829136,20616.453460690613
240,18726.383561077702,21287.336886025696
240,22754.46230867881,25118.646432131427
240,18337.43321116152,23026.70024197627
242,24707.33162765552,26435.711998537925
242,26201.338866513302,23640.91303037025
242,20629.915040692584,21466.707414627133
242,24811.29488615901,25738.86181225804
242,22611.60670132643,23167.59848122263
242,17321.730367722685,21137.50641389918
242,21461.279905662464,23096.61117044796
242,20288.43336970746,18533.28281642855
242,20079.27965183191,18461.48490435912
242,24638.844549272588,26507.67575712371
243,17080.65208229781,23609.302592057094
243,24055.4975021518,24458.198154026784
243,17564.29984602698,25037.33314964201
243,17979.189980713396,22485.449990875248
243,17290.926171670868,20387.24623417077
243,26879.74402031912,24468.924654932845
243,17983.061200296408,26163.56148682733
243,23565.41924770088,25587.60450369383
244,22132.39324636548,27328.996394877555
244,21181.61280115681,28338.50544173341
244,26976.245189763784,25142.79817138252
244,18531.61024576772,22947.54790364052
244,16541.767449216783,28019.774563456853
244,16742.5156592701,24458.740223271056
245,17880.71510321844,28144.246889843245
245,17544.19876895234,20524.802031961342
245,20840.43404239908,24604.50825958725
245,17310.832429921415,22779.179802436734
245,16869.582469852456,21219.1204723842
246,18049.982926012308,25293.70760496328
246,25047.649024306047,23739.041906591963
247,17941.157843224617,23198.650722599003
247,18924.944557434726,28302.0820259432
247,21297.744159010294,26988.908865093
247,24874.303501525894,25959.50518142609
247,21246.440927422176,24600.050622560484
247,20620.620446002624,27694.341815644184
247,22124.40593882543,26223.75130724941
248,17051.73936948689,18331.478782246624
248,18186.277513111283,21765.58298065617
248,21544.02569687876,25738.184411117567
248,20594.817562612825,27831.39861945229
248,24106.57436908992,22606.33276374424
248,22082.84722440257,25971.17687479008
248,24121.08901277872,25646.573772989974
248,27087.43501014481,22946.38238070633
248,15518.73622729161,25435.04915529443
248,27434.450924793065,23891.70779660504
249,23421.456291447572,21861.016292884044
249,16123.047506518127,21000.275557451198
249,18487.104928686163,25019.93227370041
249,23331.133282194824,26727.41261839841
249,16782.150678372338,19208.95450463917
249,27590.73070960745,24273.084720767278
249,19137.061822351872,22584.201281935377
249,17355.061099615752,26366.08290415097
249,22124.685335784183,26820.673572327367
249,20124.36146801768,25760.757543653628
249,17065.922988725528,29319.44250434524
249,19304.530167139164,27551.27247526901
250,17937.824194632656,25255.237887146526
250,19392.8193222336,27987.31752835929
250,17473.30823630107,26575.23302668261
250,16591.597093814355,24302.77462860112
250,20013.009008921705,25239.83005008657
250,15388.033342958282,23654.684414331525
117,21751.268260436027,27998.407968459192
119,20439.304703415717,28527.58541887653
120,17880.153308469635,29897.26549519845
121,23035.174127486287,27018.533747406924
123,22144.379670341663,27421.682620337888
125,20845.52028024456,27559.44962953938
126,21722.66616792808,28427.17259279684
127,19290.632949123225,28422.30917241744
129,21628.174171366576,27328.48173344414
131,21474.530909910773,26938.949125030143
131,23010.486887302548,26971.38717649054
132,21139.064703915235,27038.227548215487
134,23066.62828265773,26996.617637799736
134,23127.96042104217,27453.640818341155
134,24354.33409972645,26726.93740306064
134,21097.747551079497,27229.388801003155
135,21858.876222405463,28123.57181414896
136,27554.788484253822,23302.47656027458
137,21192.975064556143,28365.27913625306
137,22249.30652751136,27385.992048898624
140,27085.005674327687,24135.92993572962
140,22039.303649225065,26706.55019854653
140,19797.364134705706,29464.493257256912
140,21496.117369561547,27868.96015055179
140,24381.3003803498,27232.909329531434
141,23672.062198856067,27141.45024617625
141,20015.24260812015,29458.31095971685
142,21257.34687685232,28901.86106955136
142,22120.30298590484,22606.8595421914
142,24342.289962015795,27283.194619922466
146,26759.142743312368,24032.31192149565
147,23667.901948040417,25647.764020917224
147,22741.35012500556,27442.68194834182
147,20995.498995689828,27919.66551072889
150,23596.11968666761,25593.753278170483
150,23754.946551260444,22936.602568739865
152,27231.843551152702,23171.302485764663
152,22681.170056688294,27212.074024615227
153,20413.95994444525,29426.2382148128
153,20274.42050021479,28098.987549278627
153,23022.81634771089,27070.07656722007
153,26192.89089398096,23864.54723619305
154,20193.18012907142,29675.3993939131
154,20663.64005403223,27713.26294301615
154,19144.79755204676,28536.55629629722
154,23582.561975784352,27103.82574813962
155,24705.858107159984,25146.034940361307
155,23717.034697568768,26932.4672891998
155,25061.707840152463,22488.885710966533
155,22802.93169634614,27409.57192878381
155,22654.84245441149,26766.27485058705
160,19945.092133211725,28661.09564670456
160,19888.950442703936,28861.16615921068
160,23359.383792654,27166.41114923784
160,20971.58284106762,26339.678734959693
160,23292.16728966762,27155.6671523619
161,24706.866447007837,25476.55468787141
161,21947.90758932848,27141.353981298395
161,18215.447101026388,25940.588522373248
161,18875.889115650178,25463.916767144998
162,21415.191518006715,29542.250258310112
162,19347.671130527982,27252.30820673376
162,20866.32672661412,28965.11023782571
163,23722.500042086296,24659.44224580421
163,26803.57002770425,21926.723597451182
164,21859.284093785696,28660.43569299234
164,21037.56418471348,28677.257245392924
164,25242.894777294507,24038.394123110415
164,18261.065239783304,28001.53766998193
164,20170.00141646893,26469.84014244865
165,24481.00149085148,26687.32647552536
165,20669.12169434107,28555.62539335413
165,22365.166572798367,28160.581966792488
165,20343.47288347133,26449.73583906472
165,19395.016405097063,29434.07814312501
165,22191.019165403835,26847.2982917793
166,18002.075200333962,26108.307537207096
167,17493.90388247095,28494.56456276743
167,24643.35322586692,23557.418972514723
167,21071.90354612772,28778.69205252137
168,23441.7736619791,25757.61805622033
168,23739.802499157995,26579.11892541036
168,23175.637446092034,26495.923562673102
169,22947.14048763161,25884.621642863734
169,18899.628113573795,28448.940264715948
169,25789.957880353,22432.553099837336
169,20970.01826246091,28167.87550131128
169,23589.350993905355,25646.839306467613
169,20047.420628116422,29534.310156974745
170,20852.00879450311,29101.070001411183
170,27738.849190714063,23616.97499627
170,19692.37038306235,21820.337072359893
170,24169.242337629134,26540.055903491077
170,20398.143463873028,25157.31104632744
170,26437.70430308795,25384.904726732155
172,18469.52687800072,25455.51834588209
172,23025.884069743708,28223.38292299944
175,21649.11276852401,27208.594437727923
175,20896.078604938,29563.281301515
176,22867.251529083704,23847.189060507804
177,21453.38422252414,27463.31006652665
177,18067.08135408099,28621.427788918794
177,23174.369800639277,27646.03895172727
177,21019.54439430824,21409.78638328378
177,23130.120361584675,28598.139632183287
177,21318.72989507277,27263.02725024241
177,19037.591250352547,26378.31771428832
177,24182.617384131183,22714.626502210576
177,24007.78411568718,25965.515172094343
178,22416.931217758294,27342.594393862862
179,23470.52396287835,23988.11917818336
180,23230.26210500377,28867.402844970835
180,24990.37288251649,24542.36357544843
180,22255.90054445116,27236.071020996063
180,25730.61607802767,25449.775656075937
180,19849.46589280467,29678.94454774203
180,25693.06321218329,20480.73679926628
181,21788.636283441283,25094.17478612383
181,22143.974293561423,28825.41519229445
181,23036.35600581324,24818.87092983545
182,21172.60164986115,29225.714327675523
182,23789.01522422643,26234.83325126217
182,21381.853384837243,29607.900073674307
182,21259.705054330538,24865.006337883264
182,23172.05862081869,28307.376956521905
182,21482.46346904574,28743.382690322444
183,15039.266593163104,26239.65662326596
183,20439.10026930554,28227.998837331736
183,21935.77964041473,26275.23947411983
183,20833.139588102356,27372.941636296026
184,25651.88243884391,26184.409713568348
184,21220.393128014584,23960.88018242092
184,24903.618678901046,26157.616830663766
185,21951.037068988106,28399.697394558378
185,21706.36764451309,28083.418180271623
185,20875.244367821528,28698.914810218263
185,22453.57843632878,23188.768193001957
185,26168.83132908621,22665.65907722832
186,20198.36904803074,29287.32884798938
186,21642.292740144203,26174.77096187678
187,27675.392558512747,24236.226331034697
187,25542.590379105262,23953.39656231932
188,21337.050169641338,25558.84454926754
188,24008.44647573034,26402.2210733362
188,17979.014608245605,29120.88534370736
188,15451.078949649953,25493.42089964045
189,21175.205603628307,23180.957627508677
190,27987.08538156055,23712.316201695183
191,19741.787330079296,26487.011821178152
191,26984.143410092325,24099.15002190495
191,24902.05737873617,23845.907501174283
192,20545.69484495375,25548.632054701586
192,19347.26953497649,27549.810220108284
192,20079.882986447486,25753.23080441352
192,19168.868170979047,26113.728919359568
192,18393.409269514137,27790.836117892384
192,22688.264743581298,27906.29051192669
194,19871.787547149772,25687.575411820108
194,23869.926266479502,26461.76552201929
194,27185.51576709002,23494.820049039517
194,20561.68091226121,29473.488086156223
195,22467.05957733135,23417.639347649427
196,27941.685850869373,24583.91652734405
196,19016.374544677838,24527.13723184837
196,20909.644412381105,25245.18830131143
196,18334.557331905944,24652.687610402405
196,19986.468125371448,23806.937033820595
196,20763.841643187963,26372.29609929388
197,20446.588769748527,25585.027439674453
197,22574.51109424825,23584.282752780116
198,19307.63600529221,24578.46285000432
199,22929.703870261183,26898.26471977229
199,15311.334545591257,23566.74412828144
199,20615.09222812466,28491.025484692946
199,18990.55658702606,29062.5673432002
200,21340.05049301722,21721.23416613429
200,21269.343102958454,29393.945655966512
200,27640.822738691844,23824.63200537776
200,24616.973613603008,27105.19026141672
200,16708.463544076527,28049.77376904491
201,26078.528299216847,21832.51257536943
201,22211.104914084277,28987.767668207045
201,26789.05784200608,23915.4880238924
201,19860.469222679865,23892.661244069983
201,19186.747710444422,27234.794542605803
201,21092.06836624923,27063.988054994614
201,19314.073757272967,25933.46070618575
201,21472.04239721839,26232.44694863096
202,25922.02891229852,24912.20533233293
202,24670.177755001743,22108.440196064515
202,22436.98750373446,25312.515711485918
202,22793.66210121201,26792.745282534142
202,23857.125213124025,24412.193911485072
203,21702.367406634028,30071.22259611852
203,26962.3979487468,24303.056177937546
203,24901.41852582048,25644.888046914493
204,21585.397879291624,27623.952569902955
204,22483.49999514517,28008.568975046877
204,18628.99424888629,24937.414062467884
204,24227.778360544708,27143.7146590758
204,25583.24713424257,23143.266953144208
181,18611.20304045406,19391.44809787982
186,17585.539305904385,16461.449852243655
201,17888.30117633243,17206.224012771654
205,17422.861208753016,16569.43815397257
211,19492.507286910248,19035.046595751955
213,18234.33778816825,16766.83567238242
219,18449.62202797728,17497.741398645878
219,20014.897040785778,20914.26452109321
223,15850.331875756252,21467.67004495916
223,16998.016129058262,22081.806869620297
224,18364.0776646621,20835.591735404025
224,21159.6347702276,22685.102809244567
226,21042.102219595952,20177.85254699298
231,19540.62504573285,18676.881957642872
231,17540.87178645065,21768.27618016201
234,17921.38409977071,23916.85593263358
235,16977.674816161136,23189.345301076843
237,17984.147117168814,24462.948163070672
237,16188.574874325182,23300.97717956848
239,15660.958014454474,23815.690140014467
239,20234.61741158992,28378.81030856411
240,17718.004655123852,25897.637219443037
248,16887.573392269613,24432.49702812711
249,24871.69707584382,23055.718373884247
250,15090.637515205171,24382.95714128833
251,17284.53365028483,22945.06493770463
252,17039.678926957273,24047.78418859595
252,19750.477523135967,25345.56602519957
253,17834.441581658382,22619.303342671614
253,18630.499902398013,22056.77372683962
253,17475.349699684324,24053.11600135738
256,15148.90671539439,22974.70810591045
256,19136.756995285818,22804.40895484596
257,16954.49990548392,23028.66504476738
259,18569.715336853125,19614.427242888967
260,14601.961514722228,24849.28944642115
261,14872.248134341724,23639.44835353979
263,20420.930638565227,22643.298009243696
264,17886.76344138707,17815.51817430087
268,16963.674357793163,23589.974550909465
269,19869.26277551802,18821.677003260647
271,16775.675964672813,19293.75914094362
272,19858.777519117208,19089.30076132717
273,16477.58049154448,21294.244543177814
273,15961.943014527618,22315.79205814396
273,17600.761351445344,17036.803871520824
275,16426.976730619965,21941.197476546266
278,17924.807865940544,25296.95358384795
280,17443.220216637004,17417.363954156317
280,18395.03525396013,21152.905498605134
281,20964.861242953288,19191.97214252216
281,16625.10155671059,18512.202411938262
283,17652.718549601155,18234.100936694773
285,25784.773332501827,21638.54530167312
285,14593.004841965185,24222.78405562382
285,14965.009958221084,23822.260957392275
285,18053.50106261474,24041.762600399237
285,15694.780418249897,24023.920411723324
286,15609.11568613866,18842.052669327608
287,18089.92382411519,22630.64249333981
287,17096.577952666255,23232.66525879168
287,19802.896917002192,22262.599099151128
288,18231.672420003557,20516.408569695777
288,15868.67601646237,23628.571188094087
288,18017.89729836165,17156.75289463796
292,16245.960330101365,19349.757547670863
293,16007.289374996184,25052.24430615142
294,17607.413865795144,20928.50034406528
294,16185.98768812602,19534.22286429576
295,15793.808198273757,18252.314986664656
298,17734.848747479202,21192.29388302785
298,18116.493712125437,16964.20456276511
300,15801.977220514838,25720.1550074778
300,19487.16251431664,22553.62268183355
303,16895.623889598748,17007.356034747245
303,25449.246066882,21569.13258506503
303,16023.919785070151,17480.450183642566
303,15877.664761733788,26521.42253602164
306,17575.549268055944,22129.869094366924
312,17558.955375702975,21627.261549416187
313,15923.493119004805,22514.903057010062
316,19549.029671740864,22455.946893660963
322,17043.735310577245,21575.440862159143
322,15804.25876337743,23567.88722163184
326,16198.662070654223,22413.379650149585
327,17078.101056614778,21483.07571346743
329,16677.949586401475,20950.26000055466
329,17501.839928393307,23378.808767024857
333,16345.046135153048,21133.56317539329
275,17530.65873409164,18217.61410999827
278,18385.04011396973,25273.797728289657
339,16150.74718668527,23068.874026126618
135,23426.314793428064,21678.30913756566
161,21210.585737222515,20843.253664024676
161,22724.38393760075,20896.35436776994
167,26274.51157353776,21211.695956814965
167,20691.10223817548,19861.05429962257
167,27653.128663538228,22388.999250938166
170,20167.72251718425,19019.022725064176
171,23619.36794426237,22895.919038426844
171,26610.18192486953,22213.07664017017
171,17613.701586220566,21953.13706251521
171,22193.833805859093,21439.139835978905
172,18572.002299271586,20024.99971932517
172,27641.200538361223,20676.76423756846
173,20084.791836619668,18814.86673100828
175,18603.777173037903,17504.605555971164
175,26514.260891659356,20932.32013004212
176,26731.808737403528,20682.49627607006
176,24460.012422126667,22588.41124233128
178,26031.01364874017,24831.485444098347
179,25774.85674127102,21356.742875530505
179,21759.16888977368,23310.495132254426
179,25824.62015839185,22491.80306841155
180,25508.21051460765,20402.53671086864
180,27213.072260795638,19760.81769377287
181,20902.47386682913,19211.409743536376
182,19406.99975104185,20568.3824866551
184,18974.147895294547,19174.32568000794
185,19067.369344650426,25281.34806869908
187,19265.59498974361,21989.57538788836
187,17619.880541837992,17437.431038735693
188,19152.36108462581,17361.550717142898
189,27456.849139208734,22196.798342716505
190,18987.00780053609,21002.63914926901
190,26439.302186877783,22815.26103741452
190,23428.633443031,26030.69354688026
190,21646.306375465232,22309.326118789115
191,19304.06806889429,22069.97816412384
191,26457.27508585675,20860.9757390246
192,21366.094213607736,20783.206908566703
192,25358.263042054205,21654.993840488714
192,20447.075778868577,21127.135620672
192,18657.139766095563,17628.64065016884
192,23723.89151177889,22755.01241786464
193,22955.60420551763,24241.10204679706
193,26707.44543344034,21724.47813461748
194,19144.479235043746,18620.39107572193
195,21013.5868190807,21140.02530740986
195,22232.9966774215,23825.34847918672
195,25912.844711983205,22895.89832657326
196,20310.33998444951,24356.619808029696
196,24066.403202638623,22758.401315377763
197,23589.965383991566,22551.6184004981
197,18695.363068082763,18164.092631458472
197,21308.421728870293,23446.94808483302
199,19567.232712372494,18798.56958531612
202,26500.441407741346,20984.32786826058
202,17255.562130638828,20611.86066186414
202,17670.819502076432,16446.721441606194
202,23568.034543742197,21900.046442687853
205,18816.250271656456,16126.074363974849
205,22562.433968672667,21230.86871303201
206,25301.408755067358,21305.70995284196
208,23224.04756095352,23077.37747585417
208,23350.51574526625,25238.474587562952
208,20989.52318601001,21153.06323934178
209,20022.812717998502,22493.20288851248
210,25984.32668685008,21129.45097949769
211,21443.452718692624,20881.10357226819
212,20295.648491822,22583.277797971423
213,27277.60411723208,20939.277182903592
213,26078.7411025954,25697.99072865612
214,19657.52775236556,22419.91371470356
218,18790.237587056705,16970.96485278061
219,19214.46779278912,23164.87325834076
219,18495.50812727992,23291.306726732942
219,27003.79871207608,24080.12964415036
221,19284.797725627257,18275.80797144705
221,20455.274541125906,19360.462560687927
221,22006.704076676466,22284.851231543995
225,26228.338823098315,21992.38389900708
225,17101.127822967064,22682.19592884497
226,25577.972901891422,20688.40338721316
226,24375.839687955413,22539.53297166807
226,19578.689611848124,20503.39337386315
226,22305.495379669446,20644.193292674117
226,20490.196316923088,20486.99311280596
230,26525.790469442327,23584.743036256503
230,25666.27756107276,22393.561442070943
230,22842.75089554696,22101.610747551345
233,20111.14418309393,22024.158878567592
234,25650.943024954897,23679.26657726227
234,21477.55015450592,23434.02255353339
236,19770.49953299507,25054.51061149788
236,27267.897225644894,23485.43976029358
237,21569.221643957368,22257.31423679577
237,20692.05492934634,21805.515361550264
238,23757.04006540316,22181.222453693576
241,22467.227515300023,21727.685413064937
241,23959.90507020569,24684.684024738235
241,18373.21491484271,21910.3982625207
241,24070.099256310263,24636.16922417444
242,21484.91159605865,24108.53101341765
242,16198.713534044016,21622.25185859022
242,18253.10779073205,18579.127996717485
245,22043.537120889832,24459.190161455652
246,17816.459768209454,20445.86193295061
246,25250.462683993188,21415.099534332723
247,18939.703645145102,19530.83833293223
247,24556.105232179565,23514.59756866295
247,17850.507582408856,18346.913331997195
247,19996.18551444319,18150.28596098432
249,27857.33241166901,21420.8424897049
249,19947.45078048006,22458.419843132797
249,26725.433286814867,21790.52202273669
249,22247.066488120607,22724.000716951225
250,23591.519954437805,23517.5100047104
250,20130.62538566911,24167.066220697398
250,17702.22346970332,26021.72358541682
252,25269.908918634977,22232.487696677115
252,26332.419401494382,19996.431566459483
253,26685.459681877717,20008.48027724337
253,26843.143907961985,22917.01568943956
256,21744.79090946485,22268.612174693924
256,15743.538953912106,23108.54247798636
257,21690.44911674933,21879.992121009294
257,26925.51060359584,24989.633801896613
259,21704.71384468484,20133.03818719549
260,21167.444811528185,20849.152995983204
260,22515.003293108777,22216.34350696466
260,24250.476875144792,25705.87614749728
264,25739.732571297467,23880.74548912112
264,25472.132214843263,23461.25073579994
264,20394.257915560585,27573.418844741587
264,27198.21757733949,19866.311119455368
264,16335.2280840776,21779.673361593614
265,20245.36377464309,21002.84034271116
265,21432.82216411688,22001.376466033977
265,26155.759010585523,22916.62480738115
266,26813.989340949895,22037.57682275285
266,17063.957444773005,17284.32802445672
266,19661.173096335773,19548.777048730928
267,26559.356880343483,23224.787777494155
267,27446.75951169881,20087.21451938097
268,26149.51303662924,20032.103214510425
268,18926.676342292925,22295.122332265502
268,25980.881316327388,22657.402780110293
269,19395.44244462012,25376.4573836517
269,26626.468747193943,20517.52293467356
269,17007.634738407607,17268.91245883739
279,27426.379014614795,19614.46528391771
281,19431.546308974343,23419.84672297953
282,16144.08925260514,18569.73538039906
282,21734.24913092663,20062.70287204902
283,16657.986911965992,20438.342274696435
283,17029.812762399746,19738.500715599377
283,18478.35544732517,23587.88768361762
283,21387.614699781985,19075.12067516808
283,25354.87972712609,22636.81208932104
285,27673.838727121118,20282.394031684988
287,27047.655102905228,20245.149472702866
287,20296.367440473878,18554.025928251474
287,25558.7169093814,21602.92554982253
287,20656.628466966067,19084.05860421097
288,27035.643108069347,20648.86780309434
288,26241.691668960204,21429.401467636657
260,20133.454410836013,27849.81622673587
224,19225.330017500517,18042.392663320614
45,19383.41124569995,24176.23053813972
180,19507.82300198261,18194.329244431225
83,21662.334088173982,25229.61171306804
191,17658.882134136256,26308.907761550086
162,16241.970514391309,26759.033182161205
164,18759.00918867808,21039.803119455115
186,18951.956278180623,29558.68353264917
220,21786.232875269765,25533.945493928768
231,15931.2645344243,21311.70887717896
278,15958.854724976016,20160.607181487158
343,17501.195853685487,22086.39005190799
315,18752.58330499101,22155.169046135663
234,21263.61764434047,27106.66600875792
309,17835.851265246907,23291.903404242068
185,17517.134392751126,20463.24454445165
204,15812.647989099409,25541.012884211872
184,23782.88874808862,21868.977899199468
271,19015.234092848517,23432.486611687127
186,16979.180618265804,28679.019580105465
127,19415.22063798504,26753.6430954854
126,20682.116642491368,24928.50217389084
343,17119.410638995214,23688.279482340484
238,20621.942100831977,28694.75743280565
268,17288.474208137144,24285.744565834728
146,22499.38098928017,22592.22949452052
136,18706.445214293504,20823.43914546611
274,18852.50064128121,18136.405895422315
346,16263.282318773468,20523.44797905124
169,22909.680455028647,21485.02903089534
145,21393.751182934822,21468.99846955921
278,26656.35370091673,21206.738069223135
269,19044.082689235554,23600.477965109967
224,22228.95928902108,21543.51425351069
161,20751.94427303292,26199.678960007583
155,17431.31646630218,22653.91188829919
225,21263.071782955143,23992.903413394142
257,20407.932728428787,23876.628137087333
216,18727.95986968545,27797.28542188878
185,26036.007397199195,22309.12220008264
278,15078.69843069643,23865.231246052703
167,26640.40765771526,24246.858555757004
244,16948.117451104605,28319.646809975296
227,17106.80256124788,23718.019687335967
227,26071.34445541773,22632.7272594798
232,21160.306494015007,20303.02897223004
233,20596.72163234227,24223.376556521645
335,16314.322605770569,23164.386614722564
223,18960.042397446086,17571.01377087641
185,18896.975576472338,18091.614857234003
133,22374.850159491674,25832.758927619143
160,22915.630999513785,23572.21465205617
99,17604.00293675078,26203.930750900327
183,17345.68062236665,18173.291769995325
187,18702.99012345462,29126.83106770161
149,15792.241661449383,27329.23426218468
126,19320.701928257677,19753.22264756396
295,15924.15485047811,23636.67157938576
117,16824.35546679172,29876.083671177126
217,21361.42026032429,21295.92806765712
343,17893.420242213062,22696.26172675121
258,24211.128441448105,26581.268841870013
343,17122.901863524014,22634.17421931184
126,16720.686719876343,23048.83613874663
215,18450.373948353285,25631.177948953933
215,19274.65802831521,27389.543619306336
230,14630.747148532631,24211.38111661312
156,17135.128002475074,22194.87647546234
127,21431.59403349184,26522.85349802964
276,18774.94804870199,25370.64975171504
91,22102.597237617723,24289.29172797744
252,22164.96690626361,26965.1576341779
118,19215.5311735613,20790.8889296228
85,16012.845026130948,22067.72070032182
113,16193.436705449712,29344.694329338265
193,21208.45087410907,22658.36819583904
237,22606.02056127897,26981.621224587438
187,25295.98429167403,23662.1704734902
