frame,x,y
270.0,26736.43884921634,26415.13203951584
350.0,27157.08812171241,24853.22421645421
229.0,30587.567572244545,27733.787799062804
357.0,28736.33336601625,21541.150287159704
270.0,28630.21000213409,21683.909259195963
192.0,28286.596456329207,25955.58405698162
280.0,25090.3909313102,26781.08615969229
239.0,29969.12451978248,26915.054252754184
265.0,28078.5135869261,24776.11423462756
305.0,25017.724946817085,26441.31906634578
213.0,27011.99088900654,25487.74439140137
270.0,30044.89530703457,22861.586838948017
336.0,27163.431030899752,22417.02177286001
245.0,25800.3383827793,26226.05743755748
294.0,29434.712063145547,23133.9312675672
240.0,26206.526954133253,26932.894538379333
260.0,27189.98407082683,26647.6189974734
311.0,28853.83285837657,27537.63496477109
274.0,30470.99362856058,28046.62352850889
273.0,30952.944945647974,21487.80569857658
360.0,27113.28917554971,26122.95974818703
296.0,26141.10784678052,25961.96789125775
214.0,30886.5173806269,25353.65824870237
235.0,29187.30724429866,27084.924008799688
308.0,27397.203118621168,26805.72527476336
267.0,30562.86955898369,27484.81626022348
234.0,26366.291302737067,27070.73211528614
336.0,27192.019273752376,23526.02510165212
48.0,28548.367025483632,25227.04869242962
183.0,28899.955610247067,25132.52081224509
233.0,30050.718420452235,24045.15773775198
216.0,31648.18071847233,27055.25615670944
213.0,28001.298004135373,26065.39311913021
258.0,28749.495510854584,23383.57617624333
69.0,29335.561013541766,24668.545826264293
231.0,30171.104744979515,23009.995325740383
303.0,31051.00189923485,21605.11231621287
271.0,30324.433862584425,27361.820909250517
320.0,27793.410682694244,27310.2613157544
222.0,28944.922968100087,24703.947095451884
222.0,29194.333053050465,25041.056763106597
223.0,28937.19528069657,24837.171876015283
223.0,29738.88653816488,26246.54027065663
224.0,28649.75063431721,25086.227846098394
224.0,29305.602858032984,25220.800569555548
224.0,28477.7331651441,24724.18695409346
224.0,29498.79527892331,27118.007640523538
225.0,29495.487804969,24470.41793196168
225.0,28271.6914525927,25426.438023261384
225.0,29038.78911036213,24363.373733340108
225.0,29463.825281271216,26524.444726953083
225.0,29074.88976061635,23815.98410526066
225.0,28728.17495858948,25301.20264026234
225.0,28252.658656026644,24860.60362161149
225.0,29389.409181096133,26832.19927610814
226.0,30067.74968547661,24995.61126119704
226.0,29332.97222294021,23693.59795096731
226.0,28760.58972900016,24705.49983170334
226.0,29186.237833090625,25870.764385927818
226.0,29043.27450361796,24998.392936012653
226.0,28821.65017825749,25111.14689020801
226.0,28510.365637298342,25418.84290821477
226.0,29066.477615831747,26518.445543651716
226.0,29316.301503479037,24753.24059223127
226.0,29248.66418016892,25143.59356012003
226.0,29363.82291954093,24628.25213914034
226.0,29200.6546419741,26458.21562021457
226.0,29823.74119534853,24272.52758965152
226.0,28621.323884079586,26130.29783909252
227.0,29002.055712772075,24421.03460192701
227.0,29294.52302041048,26865.28569460996
227.0,28829.458533365345,25164.37041613222
227.0,28428.26904626045,24870.12505175112
227.0,29612.08855451185,24320.66986610475
227.0,29426.31760128289,26371.465513314408
227.0,28997.52210162241,24916.28410829991
227.0,28919.291856601914,24883.55745059381
227.0,28392.42056665157,25838.10495695228
227.0,28743.320046649424,25943.29740470788
227.0,28366.769201047544,24129.312995456155
227.0,29674.252794392894,23288.423340078814
227.0,30558.187250340317,25004.37378999769
227.0,29309.849893028502,26700.26807822173
227.0,28514.225556392208,25346.355318699105
228.0,28993.28691310133,25860.78324945448
228.0,29394.33847190334,24758.03341466401
228.0,28474.574816078963,25245.499120580454
228.0,29765.41695697533,23929.01582267369
228.0,28999.43036240797,26224.351991307416
228.0,30228.19130255146,24249.178375798176
228.0,28836.23069846594,26295.16748122068
228.0,28868.241556645724,24991.13526500549
228.0,28949.098777616186,27452.950882561705
228.0,28953.286609665232,24723.89991899159
228.0,28448.257926694147,25170.509163851515
228.0,28987.59589390257,24467.21596825798
228.0,29080.7676411223,25650.0686036602
229.0,30030.852906010776,24533.93348734674
229.0,29130.394633775053,26454.014288294027
229.0,29392.108355831104,24096.945126776634
229.0,29490.29295262918,24499.82488273459
229.0,29248.29901514904,25838.261496925228
229.0,28383.66271477612,25993.599328980967
229.0,28382.12920899911,24560.08858928142
230.0,28952.731226584307,26870.995710819065
230.0,29456.88602439121,23199.807684062584
230.0,30241.22721006913,25451.70472469039
230.0,29117.85163850267,25978.195941757986
230.0,27536.30766005609,26077.26835010811
230.0,29555.266496280703,25268.85579288001
230.0,28280.80404602167,24796.46914505642
230.0,29284.91433491642,24158.61702975461
230.0,28966.74335915453,26055.07691075621
230.0,29844.060678174024,24279.452658683156
230.0,28906.11825274331,23763.289298442305
230.0,30265.903935001817,27398.228316213557
230.0,28214.09031269702,26895.336905894022
230.0,27432.723745877774,25434.860237863988
230.0,29161.20161308388,24787.75343473503
230.0,29643.738675866814,24895.2404826159
230.0,29028.97857644757,24492.7953173456
231.0,29316.935227494385,25675.695511630624
231.0,29123.17858632443,26544.32034252614
231.0,28807.367567834328,24455.163322371056
231.0,29699.893753663164,24723.895235962784
231.0,29111.72725161592,25511.619592476403
231.0,28228.896588927877,25615.566965166072
231.0,27725.25145507348,24864.25400788437
231.0,28706.595058112893,27263.59277023161
231.0,29210.24764798481,22842.636149612736
231.0,30928.51555650504,25811.010531780463
231.0,28979.61215375646,25599.70335855205
231.0,27716.61958065802,26108.34559355805
232.0,28766.160382380174,26575.616230685333
232.0,28313.72412798308,25568.219165714014
232.0,29136.463663281447,23878.67692115967
232.0,28861.03434648876,25319.67552447236
232.0,29942.80979223368,24222.254395887383
232.0,28514.562403293625,22927.22408802984
232.0,30899.61027939147,27345.444282083485
232.0,28421.03312742448,26380.32116365558
232.0,27152.32919365635,24877.37850876796
232.0,28484.37861606295,25173.39469461396
232.0,29100.110158175023,24119.159746774087
232.0,29380.615140636397,25130.053735999933
232.0,29353.078397754307,25628.70055816341
232.0,28304.3665534516,25853.41072297139
233.0,30377.461411575485,24436.148691511826
233.0,29944.544882579183,24821.038329823023
233.0,28910.30114626032,26420.272874893253
233.0,28607.09244096601,26044.034887012967
233.0,27916.54710506136,25129.300766535984
233.0,28533.657903422198,26764.77163221077
233.0,30921.57235639823,25704.661457112827
233.0,28168.791181010343,25531.833259326424
233.0,27454.08578924277,26722.059911991502
233.0,28345.837249432,27008.0159798178
233.0,27995.263401735625,25720.194082890408
233.0,29081.796441407518,24168.79653488657
233.0,29313.02951404382,24783.46826785569
233.0,29897.71210503736,25125.61844384656
233.0,28490.72282670077,23738.25144164324
233.0,31154.825022165143,26547.947570229582
234.0,28196.358535367097,24186.308724445425
234.0,27319.023553726125,24696.835939981516
234.0,27801.520044576173,25114.208666150025
234.0,29379.062603613253,24411.559638655035
234.0,29722.678871894463,25467.2354438624
234.0,29215.99342565509,26309.865453059985
234.0,28133.86566405266,25620.64141195107
234.0,30304.99664932799,24794.53461676541
234.0,29533.86247655452,25755.5114971503
234.0,28893.583799979075,27434.49493678185
234.0,27848.2437274507,27354.816397692102
234.0,28153.93282789544,24793.256319244178
234.0,28005.73802828526,26689.807861650414
234.0,30511.53160810899,25542.20084735102
234.0,28283.310170114302,25436.80754354366
234.0,28016.76947504282,26508.35470776376
234.0,28168.96200817389,27147.186649906605
234.0,27714.663435865023,25299.42912503752
235.0,29614.45793356139,26211.76343421527
235.0,29544.20126117148,24641.11775760583
235.0,30304.104920051264,25272.937514551475
235.0,28283.48387362441,24074.513045456384
235.0,30735.880624343237,26402.892933958807
235.0,27969.850105993053,24723.984994530558
235.0,26789.50089710999,24941.26769412703
235.0,27691.819825690145,24567.19801195637
235.0,29548.465159841653,24321.634192576046
235.0,29638.886564297645,24045.363460097175
235.0,28795.880107243134,27251.340031104424
235.0,28392.3033446514,24443.94612418504
235.0,30270.15936663511,24830.62692372287
235.0,29645.7003855592,25295.587511516005
236.0,30113.68853785257,24758.83458744676
236.0,28066.964823443526,26139.75134550061
236.0,28582.39012790987,27547.528999026817
236.0,28084.04689187236,25555.70865479263
236.0,27334.988016918,26177.31702615622
236.0,29938.103454815715,23160.877294694485
236.0,30581.5610009024,25032.733697787764
236.0,29296.60096784743,25372.443905288357
236.0,27657.81118475566,27308.65124738934
236.0,28961.43576416191,25967.72552187503
236.0,27656.667243268806,26243.552017835453
236.0,29882.41517205629,27219.421516429906
237.0,29239.01574069037,24325.136717253128
237.0,28271.746213499024,23706.6748945158
237.0,30944.112077797192,26713.527830748862
237.0,27603.0567782462,24690.123258645148
237.0,27281.983819173754,24687.36367252745
237.0,27380.64065119853,24473.30975191967
237.0,29746.065689343915,24099.03009356134
237.0,29418.563585905315,23694.069999780728
238.0,29431.159733977413,23731.360261821465
238.0,28903.986941838502,24294.798580218845
238.0,30860.58396030564,24057.25049144211
238.0,30101.696005689024,25615.13879224665
238.0,29230.598720460795,24598.866250054
238.0,28219.98158169111,26666.10513600096
238.0,29005.9863916556,27835.10094670891
238.0,27628.20176158504,25587.75805954421
238.0,26959.45056856137,25880.5775643537
238.0,29958.429986974952,23711.67287340572
238.0,30670.888699591684,25035.8097337197
239.0,30427.258917885603,24075.202606489755
239.0,28749.32340080288,25804.795300401944
239.0,28284.16841720268,26451.150514691675
239.0,29360.18874043549,27051.916523599124
239.0,29858.68493008887,24598.497766483702
239.0,27724.44961123618,23672.348795884303
239.0,31581.08390796619,27198.259634943963
239.0,26480.06741393962,25132.93032921173
240.0,31065.42326972484,25712.776851487088
240.0,27269.50125564523,24510.82190508015
240.0,29920.04358613068,23932.61709440472
240.0,29031.00148722872,23693.758878896704
240.0,28796.10826635117,23465.117729750884
240.0,29374.01950371673,23619.70066001329
240.0,30703.59852653194,24517.51925929192
240.0,31078.52624356496,25626.04840432101
240.0,28790.29765833295,23320.937101826
240.0,27544.019076035,27287.587934126077
240.0,29218.25867104857,28073.963648169
241.0,27787.59498684572,26403.045400205392
241.0,28037.790849719164,25981.432949799128
241.0,29359.84382146825,23832.79357776333
241.0,29965.86258326853,23879.48230512751
241.0,30898.531098373405,23988.724806599286
241.0,28973.50238565768,24991.954145917614
241.0,28657.567724129614,26545.159250874774
242.0,27732.901025053365,26292.54753321452
242.0,30078.41323836916,24350.940234564983
242.0,28217.197827362343,22785.558763146186
242.0,31330.32882907401,26984.861972385173
242.0,26262.794228453396,24800.27763951992
242.0,26289.616544245517,24657.708309039488
242.0,29676.19815908042,24577.80951049508
242.0,28820.97054030433,24839.112174385824
242.0,29063.257389052225,23241.70651113978
242.0,28534.519743678276,24224.71028332442
242.0,30762.485368658705,25284.664631014577
242.0,28394.11403446685,23514.785606406946
243.0,30624.3669694122,25797.03294312517
243.0,29629.122725292505,28063.95762284397
243.0,28098.43790314199,26582.05844487472
243.0,27322.909552469515,26328.091072745363
243.0,28657.218470787186,23770.69322144845
243.0,30287.972329486955,23762.37432902697
243.0,30418.185729534067,24455.05794586564
243.0,29096.501148822543,25332.005459151125
243.0,29029.472530436324,26814.59055629092
243.0,27175.594412254664,25347.35830828549
243.0,30474.091779423463,23926.02015092991
243.0,28432.989471685007,22041.397980165457
243.0,26543.678461651863,25015.035083851424
244.0,30966.64571754125,27196.52735523821
244.0,26698.588359050755,23819.10837523669
244.0,30063.73871038593,24452.500744360368
244.0,29417.64316882329,24582.526664043256
244.0,28938.65961017501,22960.627704642266
244.0,29081.543835803903,24449.83370137156
245.0,30059.826088294736,23900.23296660132
245.0,28048.027582517498,23636.57242268456
245.0,28807.737264728643,27659.136546808502
245.0,29037.96040001362,26184.122317494617
245.0,26744.11182090528,26093.2160929041
245.0,28908.270773007254,23334.13365195513
245.0,29844.63983621004,23403.01586861422
245.0,30596.86086689311,24361.71716193636
245.0,28387.206420366863,25286.79447671671
246.0,28993.528434070624,27300.78373680824
246.0,26724.52137887785,24776.150966071116
246.0,30515.437897116382,24225.70350829884
246.0,28288.600418509413,21309.151919153872
246.0,26867.937288088156,24989.67896182467
246.0,31115.501418081192,27864.75971235121
246.0,26788.3045389836,23399.643784439573
247.0,26518.58766415955,24270.7612466533
247.0,28741.91143905844,22466.93165403945
247.0,28691.096355782167,24344.27570166981
247.0,30896.34935966478,23755.46192023324
248.0,29360.847782190467,24130.52477386272
248.0,28993.04812620571,23575.26142613828
248.0,30676.233861032884,26811.19307546976
248.0,29211.17300684776,26895.68566404561
248.0,28706.93625837044,26684.046310238034
248.0,26648.348748570577,25890.875299625663
248.0,29504.04980257765,23349.533595987945
248.0,30177.41489015845,22864.865060451568
248.0,29281.583041642745,24906.42175428476
248.0,28609.74318304649,24810.286620975952
249.0,29085.67177644625,27934.41888688782
249.0,27511.759487155905,24996.54496887732
249.0,30343.62006299775,24460.379798376394
249.0,28419.19176073845,21867.741306564574
249.0,27474.35083758987,24753.04539042773
249.0,30550.44785377791,28044.289878821382
249.0,27185.95713053314,23641.64574300345
249.0,27643.07300852685,23642.047247298146
249.0,28201.46773262993,21846.80147140223
250.0,29523.79597576989,24238.72323799879
250.0,28112.463932736413,24317.99099083699
250.0,29068.46860753649,23770.882257152083
250.0,30030.798309999635,27322.59279873361
250.0,28246.272586061365,26456.598501443656
250.0,28768.99887953598,26331.71334688509
250.0,26652.98470365983,26798.82569033199
250.0,29639.484435796,23552.88941192942
251.0,26132.3762586904,26042.62911337634
251.0,29950.14786861187,25334.507506008216
251.0,28793.1319309714,24698.69211989354
251.0,29807.87015619569,27918.414289872744
251.0,28001.231397524203,24434.990535077388
252.0,28709.582649640302,26480.43105834725
252.0,28550.509556079836,22676.713206028624
252.0,26619.77634895202,24109.67888997914
252.0,27955.378479658717,22889.510619208813
252.0,27988.11013028916,23313.8309438842
252.0,28622.905322828665,20703.35646731125
252.0,30070.11490537485,24327.47542452598
252.0,27950.508278756373,24169.58268592376
253.0,30159.313978846665,27974.04005744432
253.0,29128.31358694043,26435.961065763524
253.0,28414.919748517543,26098.548432823005
253.0,27070.523428091685,27081.351074786915
253.0,29563.37814066601,23198.76705286314
253.0,25764.18328388692,26394.16573734844
253.0,29120.45573160527,24795.35685705451
253.0,29320.230413199108,25185.013876994817
254.0,29119.06439272341,27746.777312959
254.0,27471.033274674497,24216.07364712704
254.0,28794.24149510552,27196.714299820072
254.0,28994.673529114472,22309.448402569036
254.0,25810.395973079765,24605.90849670765
254.0,29498.697939122903,28185.80429644956
254.0,28810.85869582476,22488.29369529176
254.0,27402.43547594691,23583.87119501989
254.0,28197.332377353632,21616.972427344645
254.0,30505.041730357,23376.81553239615
255.0,28953.190129688875,24941.094742550933
255.0,29827.3277092952,28326.033162749725
255.0,30502.225602926355,27215.32954470501
255.0,29598.4920406122,26723.959304849777
255.0,26907.60538919642,26553.383301017395
255.0,28339.644846325144,22418.76371103005
255.0,25235.405301814044,25496.654905149368
255.0,29815.63812217065,25199.102598106067
255.0,29823.25374138192,24608.94065418525
256.0,29753.288646674788,24976.53108388962
256.0,26902.15317215214,24488.383000406702
256.0,29715.257568684738,27043.24009439764
256.0,28501.87958792169,22083.73324061914
256.0,25606.54902955997,24178.002021861605
257.0,27036.19286825005,24524.086093429585
257.0,27764.651292562685,22798.260690128827
257.0,30422.0105968984,23095.054761043997
257.0,28797.674586479083,25598.01003705712
257.0,30014.251347267356,23384.758357155675
258.0,28129.76470457861,25022.10770437908
258.0,30792.4763706774,26707.478844743076
258.0,28996.777166417385,25643.39983160573
258.0,27365.073217134704,26006.14339401021
258.0,28545.260958503222,22413.673535247377
258.0,25103.0434105438,25624.729530657954
258.0,29529.52584814403,25695.512920927024
258.0,29888.16875057165,24969.944721205316
258.0,29710.264247294257,24845.31408900767
258.0,26821.26672224291,24209.540822100025
258.0,29360.71740911071,26566.25601120107
259.0,27144.22910988599,24736.437076184666
259.0,25283.65749769224,24466.48936527203
259.0,26699.157817940384,25019.08590965077
259.0,27781.52145584937,23099.10035210377
260.0,28121.25595340238,20968.61225935676
260.0,27988.889045444404,25479.5766667123
260.0,29323.875662393388,24395.48463702659
260.0,27863.823670467213,24973.147455614333
260.0,30776.819287032777,26649.438509188996
260.0,28373.334179054564,25636.767233567905
260.0,26726.592194608507,25348.22311099513
260.0,28816.633609962097,22271.38350134456
260.0,26132.947329497256,25002.73676728816
261.0,27950.399221039563,22965.002244872267
261.0,29511.07676772127,26691.027571347706
261.0,29733.203563564868,24845.75629981987
261.0,27933.262231408124,23347.77630034286
261.0,29389.78402919828,26270.979023754877
261.0,27134.773681789706,24703.85190868164
261.0,25170.036331371088,24107.48553715456
261.0,30922.58865239733,28497.89141512427
261.0,27232.02862984974,25286.41453659932
262.0,29754.586083162245,28835.570786464665
262.0,27461.900509894596,20925.35267990391
262.0,27729.3664674628,20757.657406587176
262.0,28122.14503193113,25258.51600854983
262.0,28851.913433356,23776.117805624308
262.0,27897.92651753709,24537.866653030145
263.0,28775.62176905337,25017.69704508689
263.0,27942.905624024817,25049.107509823803
263.0,28370.830109418974,22145.23125844396
263.0,25751.631752617668,25576.04879831907
263.0,28431.05356870499,23667.231911253723
263.0,29202.72546356184,26864.70659424262
263.0,30024.393481571235,24937.32775001036
264.0,29495.41429531195,24838.70106383275
264.0,27244.09770235476,23221.64566176388
264.0,29740.33223890521,26238.40734054464
264.0,28218.89696535814,25603.708285076747
264.0,25240.63321225078,25003.755658177157
264.0,29565.73352482738,28830.637655183586
264.0,26603.197444006157,24871.018332627267
264.0,27832.447048454746,21002.1314384635
265.0,27524.66022493445,22538.92991579473
265.0,27855.94339193141,20856.721461460154
265.0,27664.422875949203,24890.94846089557
265.0,28902.185061254662,23998.08339399836
265.0,27965.12685135943,23832.156318498928
265.0,30722.28823276755,27763.05709403416
265.0,28256.135812258817,25493.32688682978
265.0,29209.565552702225,25252.08977214586
265.0,27781.23263779164,21408.10137823013
266.0,26858.41634385561,25888.015778092045
266.0,28033.10099046749,23121.507840721435
266.0,29892.818186900346,26959.60607177485
266.0,29889.950001366116,24889.56281859612
266.0,30071.10184442755,25233.36321633284
266.0,27024.72328759701,23820.314778317043
266.0,30016.121718562696,26940.53706530259
266.0,28594.622619073813,25876.791203084973
266.0,25145.36564875192,24993.97927783571
266.0,26486.339407983505,25003.506831320145
266.0,29681.31502144747,28543.578333221565
266.0,28686.20817897472,21169.322599664567
266.0,27131.316877427984,22625.143893234872
266.0,28322.517199243997,20637.30229239549
266.0,26977.650074948822,24807.71974315798
266.0,28805.90331796522,23687.5093348764
267.0,28293.91658831214,25871.391886448117
267.0,30236.5820125673,28198.51464055602
267.0,27886.496999341118,26230.75822741706
267.0,29377.774884047205,25161.535165972065
267.0,28385.707206298477,21325.30856619424
267.0,26107.20756367833,25905.780780562665
267.0,28010.093682842355,23029.771599716503
268.0,25511.82645298964,26413.5594454603
268.0,29359.996886921814,24893.373313802105
268.0,30243.413450229367,25647.84986962217
268.0,25999.72321732451,23987.56468826854
268.0,29955.148953765307,26020.360982392584
268.0,28770.802632483377,25850.17691351637
268.0,24474.587414185044,25882.366777617597
268.0,26147.554307816456,24923.13825013297
268.0,29846.77961115349,28972.55704994886
268.0,28633.206557968857,20905.30573364506
268.0,27042.68405506792,22552.668946690825
269.0,27421.26629460933,20908.680365980654
269.0,26381.34212953896,25075.181623821416
269.0,28907.377623593995,23780.40730861861
269.0,28174.452976496632,25896.865054427435
269.0,30537.30803401408,27779.79537526225
269.0,27602.80549455359,26286.277527787934
269.0,29382.0095971758,25620.028123631502
269.0,28084.86045909284,20889.350734492768
270.0,29044.15046226709,25324.17281611651
270.0,24912.717777756683,26153.639561645785
270.0,28072.57887240936,22469.53397003918
270.0,25370.04201814894,26906.70008490938
270.0,28846.66763661701,25078.789434221857
271.0,29637.2108184304,24417.957657013147
271.0,25860.90340275657,23832.280838283576
271.0,30578.828137463595,26443.411723290723
271.0,29054.96362386056,25320.114747421365
271.0,23916.65602107902,25764.026997666897
271.0,25989.494858707672,25296.71665246478
272.0,27122.40136699196,20964.243643769863
272.0,26540.548397865176,25217.4394995458
272.0,28622.558028179883,23309.34565952728
272.0,27834.89462578545,25820.52828946738
272.0,30517.710339281148,27948.37528389197
272.0,27333.74311509464,25710.712421243024
272.0,29579.361234752814,25566.993009521622
272.0,28433.95676608636,21337.810295361844
272.0,28989.46595261252,24954.116187233536
272.0,24697.61037353271,26823.17586239369
272.0,29296.467105331754,22428.781394186968
273.0,27821.864501225555,23027.28149028204
273.0,28251.98890698112,24809.83865106909
273.0,29842.13119146742,24709.33492705762
273.0,25077.354686713363,25139.02279245232
273.0,31122.941660858916,26350.102781437072
273.0,29012.280623759227,25258.67928920691
273.0,23885.09294186427,25885.217135678395
274.0,25052.185263513064,26177.721154137427
274.0,25527.81672095565,25061.951151647605
274.0,30573.03980647645,28056.02357469737
274.0,26589.6134973994,21148.5276820954
274.0,26675.67198985703,24139.940206821364
274.0,29365.988500126103,23058.072386741376
274.0,28059.12265114076,26449.73728967247
274.0,30031.173322540133,27401.99481539204
274.0,27406.83728815267,24949.243692927157
274.0,28997.62595566158,25969.19467262856
274.0,28691.751385902047,21993.775927318937
275.0,29166.707650121672,25245.222986943336
275.0,24353.64968382321,26807.81336325237
275.0,29485.007836146997,22153.98819883596
275.0,27518.728363766157,22547.984500676783
275.0,28980.6082699908,24444.00547372341
275.0,29099.156682796845,25061.45092039148
275.0,25172.365630417466,24821.081688635484
275.0,30483.263483256207,26133.06605059146
276.0,25631.046338910863,23603.9509429072
276.0,23749.28625618137,26127.99111481252
276.0,25049.809295284067,25362.457935596783
276.0,30574.92338850096,28266.417664617573
276.0,26912.448098033317,20922.20814678953
276.0,25908.367229062787,24271.155982696448
276.0,29280.45146227528,22928.57051446884
276.0,28058.255467790223,26293.329489443247
276.0,29759.93587486257,27581.93169446414
276.0,27328.06805387936,25296.60165879376
276.0,29374.248360982827,25056.397050244574
276.0,27999.28161014232,22350.1245399227
276.0,29305.911414457256,25204.861679921505
276.0,29423.988695038428,21702.05963583109
277.0,24717.68197426561,26603.60850004331
277.0,29600.72289807172,24539.122172247
277.0,29496.494479474743,25188.36927632733
277.0,24636.277368179723,25264.15661409229
277.0,30598.72044346015,25769.347734023348
277.0,25537.55989235003,24342.60972327805
277.0,23472.784456390007,25601.370745529977
277.0,25722.3668483364,26490.33999218579
278.0,24528.4937201403,26164.69999485343
278.0,25949.95390320361,24207.60507557266
278.0,28861.02391345206,22656.87734212206
278.0,27607.02588629731,25226.780419057926
278.0,30086.24191880265,28050.694147627117
278.0,26852.374482267245,24605.041787466413
278.0,29092.90272063053,24012.861853088063
278.0,28065.35513810779,22235.18255691389
278.0,29728.207137693506,26081.40964298033
278.0,29410.723990897008,21938.48487058882
279.0,24572.14414287406,26631.08935254192
279.0,30124.5122277197,24007.76211227732
279.0,29570.074211211755,25539.350095043625
279.0,24777.72911340214,25331.11133910592
279.0,25502.2442517775,24574.90555657959
279.0,23435.65390190505,26161.48829791257
279.0,25231.41155439509,26672.58596945233
279.0,24388.971470906406,26034.122633999126
280.0,31177.93550586717,27699.74204069597
280.0,26011.971621012275,24182.870447524936
280.0,28670.08338923065,23104.6422272482
280.0,27962.175836307,25433.01692876926
280.0,30498.97453176863,27802.75659268986
280.0,27196.53130336943,25790.592073405915
280.0,29323.51038362649,24115.989904812788
280.0,27020.51928231118,22718.748834487804
280.0,29995.250319597995,26338.01855560226
280.0,28938.309232381704,21682.62438916112
281.0,29738.701973929878,23261.928429246866
281.0,30301.340100634985,24395.119706975594
281.0,30764.0406193202,25727.14632845224
281.0,25815.86821141304,24114.42070292952
281.0,23835.708441846466,25330.45868776697
281.0,24913.11624626554,26436.295862994026
282.0,24251.571615192453,26064.211476578654
282.0,25556.414489482828,26889.944150487987
282.0,31618.30918164312,27649.71895579028
282.0,26551.692769703917,24507.897352061547
282.0,27973.429220598853,23052.066612394083
282.0,26981.23129187409,25062.37674333351
282.0,30542.443938019875,27811.2452120098
283.0,28047.047666583923,25588.16821934041
283.0,29753.80864755823,23693.93602872616
283.0,28128.094279834364,22489.57018118249
283.0,29401.506398649413,26412.51472180913
283.0,28883.822624560307,21112.34638174493
283.0,29709.09567058566,22593.832075188264
284.0,24268.298911405665,25701.94003253624
284.0,30133.44980189873,25723.45679374421
285.0,23128.29557015584,25921.46003580097
285.0,25903.086267662475,27200.16952161322
285.0,31013.8098749468,27437.146834924504
285.0,27653.969153509595,24165.977468617097
285.0,28187.633549342747,22598.257551961327
285.0,25888.23257966141,25233.933634631405
286.0,28355.87567086968,22857.61805687558
286.0,28610.514056956497,26325.580542817337
286.0,29929.077959444778,23794.227805397524
286.0,26992.889346738957,23463.10677501057
286.0,28185.771828890734,26852.359573545145
286.0,29354.700990059937,21637.89603896452
286.0,30329.280300948398,23003.562314890925
286.0,24788.08361468216,24930.372509379165
286.0,30119.624273922083,26060.66549036148
287.0,25176.908278986448,25617.215834789866
287.0,22758.10837138243,26604.74465512524
287.0,30064.827779027,26848.37172173978
287.0,28000.65899146881,24821.765279233936
287.0,28124.97060287209,22406.137395946225
287.0,26062.322038546907,24945.99567642065
288.0,27953.74666295817,22896.881113705444
288.0,29645.36876659745,26326.560397357374
288.0,30247.09730718701,24225.193334483683
288.0,27660.64389667512,23591.389949890938
288.0,28489.11062580497,25963.81376344096
288.0,29652.75453609884,21750.015826903506
289.0,29202.65485186284,22954.148322108813
289.0,25500.885818180894,25273.81020663062
289.0,30666.259747329197,25393.778459041543
289.0,25119.48719086327,26014.29812850087
290.0,22884.377342112268,26461.388285275392
290.0,27762.83483555506,25153.35865845181
290.0,28518.695548752155,21375.53978575045
290.0,25878.277042589198,25435.458661666835
290.0,27741.00036907193,22328.149216182566
290.0,29826.71548593581,26026.07426273543
290.0,30576.32853045005,23662.592792519605
291.0,27931.045732592946,27157.577595914747
291.0,27954.91814321084,26825.929774867996
291.0,29851.831780547007,21906.96276702482
291.0,28795.35256344035,22730.01497296924
291.0,25309.724375096528,25378.001816337903
291.0,30506.43998201629,25849.28036836276
292.0,25336.78903507355,25923.361852521477
292.0,23131.82414529897,26334.76484621196
292.0,29528.006865149357,25305.460981751166
292.0,27631.26272197184,21264.072915890836
292.0,25398.7354727208,25043.055729690397
293.0,28277.205506475468,22366.493475788782
293.0,29035.050527989963,25751.763836095102
293.0,30145.039471917305,23092.372351467435
293.0,27989.426114996968,26985.75906998337
293.0,27299.414428205007,26049.39073267172
293.0,30085.371533174737,21785.11849442363
293.0,29384.57911711805,22121.6235148413
293.0,29424.35828467053,22664.0959084076
293.0,25176.312327471805,25334.115659998966
293.0,31119.784466500343,25918.568714049416
293.0,25409.83641582017,25486.894346438643
294.0,24434.43921715055,26446.371960750304
294.0,25563.710791135065,26603.113749595977
294.0,23463.238689966704,26577.65928400487
294.0,29563.422539501706,26383.23945937874
294.0,27957.115478007163,21759.00370074952
294.0,25861.086070717636,25069.562065254257
295.0,28419.2719645478,22049.1274616484
295.0,30235.65830108216,25994.057495422952
295.0,29450.60012361762,22758.24832319906
295.0,28188.45881793605,27236.039437916304
295.0,26934.20211572334,25570.271822652805
295.0,30379.36560962483,21396.139557136565
295.0,30432.287427299,21246.772961731323
295.0,29755.54538886931,23643.39723647773
296.0,29140.658572603075,21010.72445218551
296.0,25506.38282028508,25470.58111095892
296.0,30855.46019101184,25944.743767461678
296.0,25332.832673192803,24870.42645148976
296.0,24602.721028899257,25972.45055935105
296.0,25496.15901353685,26727.39559664307
296.0,23266.98787804997,26495.92765262521
296.0,29062.84139526974,26353.11946179211
297.0,26968.646315964103,21444.661890890187
297.0,26311.54049036614,25023.91417633693
297.0,28456.066701347,22600.3811966759
297.0,29922.58596694929,26528.088812869577
297.0,30281.41559807073,22802.04677718166
297.0,26950.440900232235,25784.11346112445
297.0,30427.121724054414,21150.698421649173
297.0,30433.960781518817,21340.177471827315
297.0,30175.40283099892,23980.805668290865
298.0,29069.062112986223,22223.576156239396
298.0,25024.68720738337,25608.33542298471
298.0,30916.22003940915,25508.66007243339
298.0,25666.470260744867,24851.1889638487
298.0,25457.40760224741,26196.954011857342
298.0,32013.72983623713,27805.539803224263
298.0,24608.147720032543,26938.57797065748
299.0,25390.589561745863,26605.4039620456
299.0,28793.67881582784,26885.58557053101
299.0,27282.083431970917,21148.52388113607
299.0,26456.674938815904,25893.72785131748
299.0,28122.894466305075,23065.258490401364
299.0,30178.15410305485,26442.977956412127
299.0,30814.037109512523,22538.58167536645
299.0,27078.36273547251,26074.56295486496
299.0,30257.26286544001,20811.431976306023
299.0,29738.075705211777,21315.23114934667
300.0,29361.15469617512,21869.354562564127
300.0,23711.24747531212,25295.68672438556
300.0,30516.576651727737,25854.55938862652
300.0,26251.100384669528,25124.209340075973
301.0,24793.57725840404,24464.29274691945
301.0,31146.625436906917,27146.59151425484
301.0,29590.5282771524,27777.566513660266
301.0,26819.172343494192,21447.38555004572
301.0,27095.296649887096,26252.871027763056
301.0,27984.53811064422,22689.974548116686
301.0,29696.112359123807,27413.35895117118
301.0,30360.29484230139,22357.7989428244
301.0,26643.742893750605,26865.36174986597
302.0,28276.27780674889,27680.231234430878
302.0,30495.620554733505,20905.6241540784
302.0,30887.165484003268,21055.87631427094
302.0,28959.66317553016,21988.99540135058
302.0,26149.72491956814,24245.76656660463
302.0,31690.79295889379,27626.41255979064
303.0,29357.07616407973,27362.679508579626
303.0,26725.555515119147,21773.70472868543
303.0,27290.115095062352,26495.25113584176
303.0,27730.38338617312,22244.426471814608
303.0,29421.29495779442,27373.495505958264
304.0,28753.199938709877,23508.84484542035
304.0,26474.40341915364,26611.479382724046
304.0,28675.88216650374,27314.86457714517
304.0,29996.161721868622,21717.53519473597
304.0,28448.21551743842,21813.03210443202
305.0,29830.758380427516,22499.45982179507
305.0,25673.74903931451,23854.543406037887
305.0,25283.94845605009,24463.286782503917
305.0,28835.846823368556,27508.9692464107
305.0,27002.12066381552,26789.866784487436
305.0,27638.562076150432,22343.95251732392
306.0,27673.91366530668,26665.67968021641
306.0,28969.67214395949,23250.464716377606
306.0,26053.89482453692,26272.747796305925
306.0,28981.786757842103,27194.67774947885
306.0,29973.07146451304,21998.87868541127
306.0,28066.558807994323,21093.340611150885
306.0,30606.769847972853,21857.67833232775
306.0,26459.278745622345,24333.343751291748
306.0,26316.718633355456,24445.44064202003
307.0,28758.65506646681,28266.01215404776
307.0,27356.04699529237,25894.57093894917
307.0,27509.10733600838,22779.430937642264
308.0,26806.046940829237,26605.970341076547
308.0,30223.919034580056,22828.20915389665
308.0,28352.15423765576,27816.734101861774
308.0,26147.33554969371,26669.21191192359
308.0,29127.95831937189,27465.695799240915
308.0,30117.59091400559,22359.57937463127
309.0,28227.791968774985,21107.2784639882
309.0,30580.69868649634,21819.961560740197
309.0,26453.830569281883,24072.153927659965
309.0,25926.84936792106,25198.32873350109
309.0,28842.1930478604,28089.90820196096
309.0,27591.644088540117,26166.329651474385
310.0,27357.59654553434,26372.453114315183
310.0,29912.684725322943,22449.197989657227
310.0,26538.801765590648,26737.27803370668
310.0,29281.205625653816,27911.21183288953
310.0,29737.76365726417,22350.36254230759
311.0,30220.886234312653,21459.67813810518
311.0,26214.19522500665,24506.958873980304
311.0,26010.251066263467,24858.169904609003
311.0,28965.04716932236,27242.58175725677
312.0,27062.67321799605,26501.796164443705
312.0,26893.34146248655,26348.487091889107
312.0,29627.76632992229,22524.61667079175
313.0,30872.593198453676,22835.59536871514
313.0,29588.665851735623,27058.65810594865
313.0,29128.96353567897,21710.69831737658
313.0,30326.76735761562,21131.41096054154
313.0,25907.94511943795,23980.663443454665
313.0,27027.292834750588,25303.48224033185
314.0,27078.27617372647,25430.942259203235
314.0,28989.69673328653,27117.58037413094
314.0,27484.30095687508,26691.33249251585
315.0,27431.799642240258,26125.919958548177
315.0,28704.491076504422,22251.63048895008
315.0,31128.22041163581,22756.797441523744
315.0,29380.73287526711,27767.407372656755
315.0,30630.3026482476,21178.74519576008
316.0,30386.905504868948,21430.736156755476
316.0,26153.013948619617,23524.301226135896
316.0,27052.22686701449,25283.98035772165
317.0,27494.02190622928,24294.663609075305
317.0,28551.17921617132,26221.80161499116
317.0,27563.05972003276,26931.5071450767
317.0,26526.768162488817,25584.107116795127
318.0,31318.62639776448,22596.06151073
319.0,29607.70603896086,21262.49732119618
319.0,26598.454817229536,22719.05087115525
319.0,27557.239669635903,24947.080235476595
319.0,27613.49131976275,23948.64444938497
320.0,28923.006553584823,26792.30269897201
320.0,26921.57377348328,25890.064329750883
320.0,26447.001516798256,24891.37452043417
321.0,29046.10242769084,20751.0036083872
321.0,30655.84510937213,20836.659539605476
321.0,27064.834704945904,23276.632969205424
322.0,30629.20295624643,21708.246783586364
322.0,27351.3168528943,24806.78685993191
322.0,27167.377289123637,24544.258836762878
322.0,29192.88480113237,26787.094984108444
323.0,27166.22275871583,26096.790878505824
323.0,26326.21246786412,24627.824524033265
323.0,28941.596786693117,20658.037142444853
324.0,30923.93925734125,22968.27373279899
324.0,28807.78735013992,21008.566475882417
324.0,26834.897292653557,23816.28024608782
324.0,30601.51259525589,21335.19888445657
324.0,27244.515113833237,24890.36069588295
324.0,27197.16974888103,23557.71904304292
325.0,26197.059246017976,26202.709769974037
325.0,25529.687285833632,24895.210261726254
326.0,31195.90823575936,22553.118391666325
326.0,29375.40500308483,21498.33808744629
326.0,26984.662281711484,22824.67091832149
327.0,27125.28652613344,23459.43932514948
327.0,27094.463752584707,23125.502652256644
327.0,26936.80695660308,26214.160524424817
327.0,26067.10415356105,24795.094407233697
328.0,25948.213340980237,23953.16840464309
328.0,30004.49376018009,21005.109465275826
328.0,31109.67439669104,22794.975051134254
328.0,30944.03027374412,21299.42984997788
328.0,29785.39806588589,21889.07490895585
328.0,27179.16105836108,22351.504580602563
328.0,27797.317208277767,23375.780965698224
328.0,26430.717950423877,23080.7588747793
329.0,26874.75674717324,23293.24215048661
329.0,26835.70853270408,26542.74527208992
329.0,25775.863798570244,25200.977996099416
329.0,27653.733009431795,24204.64676222279
330.0,30449.17292785961,20927.720794247613
330.0,30296.74016343757,21920.64117244752
331.0,26783.810121747192,22959.662117798
331.0,26395.48349475996,23794.660602315904
331.0,26631.409752165408,24029.38792778965
331.0,26491.812312537106,26153.678929431186
332.0,25997.57194253613,25043.969789242343
332.0,31292.163562043606,23186.891359957237
332.0,30243.29379033322,21320.54966446209
332.0,30318.254231900723,22537.26380051283
333.0,29698.538574961098,21314.43854615972
333.0,25629.24202998887,24379.36205304162
333.0,26704.64084498728,24272.477579559956
334.0,27265.95540343452,23660.424937690663
334.0,26160.14862112289,25644.09254032402
334.0,26612.48810400717,24643.82219023808
334.0,31633.834631350543,22685.15461802518
335.0,31078.244949172728,23304.927430094947
335.0,30893.83834333276,23059.929269693494
335.0,29720.15457364593,21683.800195137897
336.0,26140.322036039088,24408.36566864373
336.0,26282.382125993645,24228.17977895197
336.0,27881.569369751825,23392.053883288903
336.0,25861.51540677925,25667.777517468432
337.0,31241.962771882834,23473.457461982263
337.0,30752.035689698598,23148.059278955207
338.0,30018.24549048485,22773.992354830207
338.0,26250.170094749592,25175.442961947043
338.0,25965.902936878643,24117.815154078067
338.0,26697.711099052674,26213.6550222492
339.0,31250.59704828071,22987.56586584105
340.0,31057.217916734957,23451.88852854786
340.0,30625.10456221764,22460.922520177235
340.0,26301.20416610371,25110.4579724461
340.0,25740.8268624563,23780.998500373225
341.0,27611.63857457063,23518.81675226449
342.0,30936.7991123147,23252.76454387725
343.0,31263.134724650223,22185.26741405582
343.0,27271.041606381383,26398.033486765984
344.0,27447.63773055224,23198.728574748704
344.0,28705.484125768548,20440.73611263211
345.0,31290.3127890976,22053.84682097256
346.0,30542.906166216744,23391.35926188364
346.0,27141.58792499236,23423.678316204725
347.0,27834.355614030646,20711.055433284208
347.0,30641.365596361746,23062.838953933133
348.0,30345.048805148224,23677.60159551263
348.0,26736.09897007083,23550.36795492654
350.0,30408.00512118841,23632.1821165236
350.0,30558.84504599497,23403.67702728648
350.0,26422.67549756484,23763.678989740984
351.0,28366.23931894201,20694.026928913037
352.0,27817.386690344123,21043.1820639294
353.0,30856.71933227291,22874.97972004193
354.0,26651.746024194254,23866.61505679136
354.0,29963.69803195675,21125.054094680137
354.0,28497.33873322167,20378.08799511708
354.0,28202.951607752337,21528.53574817629
356.0,31441.92365575648,22479.555499383347
356.0,26492.24925698101,23594.363894404905
357.0,28821.628178105893,20850.32248484397
357.0,28154.10115410736,21180.52765575873
357.0,30511.004615958904,22383.869098912397
358.0,26132.95449789105,23515.70125032874
359.0,29065.38455940461,21357.150737292
359.0,27514.447308168823,21187.23393598364
246.0,26207.508799146774,27486.62475306871
259.0,30771.93271366312,21111.997170619037
282.0,27710.71639669931,24896.18422745165
240.0,28402.635128346054,20396.823911080333
358.0,28385.97875323714,21158.41754719578
274.0,27277.896982558887,24463.320369495086
247.0,28969.617891481557,27153.571753902987
70.0,29540.38359160729,24210.290040216125
290.0,28994.122205556778,24299.85426493549
295.0,30943.71773945357,21579.601610899816
224.0,27681.76237415984,22834.252798216374
338.0,28082.70988253425,24343.572783229807
283.0,27075.482213321666,23237.440545594167
318.0,25945.14587010401,26424.89532036963
306.0,29073.093998580312,26255.15088920979
230.0,28165.82305490828,22192.390875997316
287.0,28668.247385304712,27778.891932664992
325.0,27239.660595925558,22740.667777552204
268.0,26488.833103219527,21703.84305997744
363.0,31442.612357453778,22379.465361896648
202.0,27712.833211309426,22666.645853658803
284.0,28758.285101240413,22280.37051252903
277.0,24685.870433684264,25105.76841045083
283.0,30680.828529351536,21072.792709252677
238.0,27524.6095527493,27501.76523405075
331.0,28562.003250521,28094.848401390787
260.0,28118.654368616943,20809.038229280137
310.0,27004.43156152805,23046.421371086457
282.0,27121.25044712241,21976.19036807269
211.0,28401.52925823102,25767.044729456076
267.0,29563.603794333718,24498.366246379934
360.0,30120.90185859373,22074.478235650186
260.0,27457.084453095275,23621.778368037594
240.0,27740.438448282657,22550.13210936445
264.0,29850.822548929224,24875.49390197169
313.0,28161.62785205907,21683.325893449924
341.0,28949.038301886238,21474.05616179696
33.0,28474.45237891891,25321.214028423747
286.0,28212.16665521913,23328.94949594591
352.0,25791.738145356503,23391.48953269221
264.0,27473.87755230484,23603.761074392423
287.0,26756.593793359672,21839.502254127343
