frame,x,y
284.0,-7288.033027968126,-13767.610594361387
262.0,-11999.619650783676,-13753.378320603646
283.0,-14062.491196852046,-18272.407435283763
340.0,-12403.120302653611,-14079.012846174695
396.0,-10328.900002743674,-6874.911169140862
256.0,-9558.220790286694,-14361.02571546922
36.0,-9269.093581035966,-11277.47275971295
398.0,-16255.911382146449,-9883.753910293508
373.0,-6166.353533221045,-8661.637563686905
395.0,-14448.1134273766,-12389.943903355852
358.0,-13859.101297412915,-15969.146000121951
128.0,-10903.684274642372,-12177.51268610531
106.0,-9394.151429593876,-11015.728723335416
383.0,-10534.359797610585,-6383.638412137203
292.0,-9514.109034181874,-14356.619835138994
400.0,-15402.456800354195,-13479.816789555316
425.0,-13730.268982521671,-10423.628678307909
362.0,-17179.188000318773,-8945.110880218552
158.0,-8759.092318607316,-12959.039121449568
415.0,-10467.61718696744,-6502.957786888655
408.0,-11033.435659469023,-14441.456197699305
117.0,-10133.415464302652,-11759.354314822773
235.0,-7156.982867694322,-10404.779168069015
382.0,-8519.389445669924,-8694.049365224775
361.0,-8259.85494600837,-7660.709284609686
332.0,-12018.331203005604,-8483.299235821152
11.0,-8886.511160120277,-11908.327160877585
268.0,-8007.80794684435,-10109.85996954408
401.0,-11083.68809497814,-15352.012609391491
378.0,-12997.4177015231,-7415.08818728512
58.0,-10226.5797996101,-13449.697069708547
145.0,-10179.110852726528,-11978.948528192708
240.0,-12340.858259851098,-15953.634953610515
249.0,-8075.190816710423,-14397.16352516152
392.0,-11981.4237901324,-11663.024344271564
385.0,-9229.462608133428,-9984.084258115883
256.0,-10201.194452745383,-10543.425644125684
341.0,-11509.217703076609,-12961.03144709142
79.0,-10369.227074165348,-13335.20766394339
52.0,-10037.374265921855,-13526.133889649464
356.0,-13924.922346667932,-16766.289194336696
357.0,-16359.137382512738,-14142.604695233302
376.0,-13489.546307443105,-15052.29106326187
226.0,-7179.988452476784,-9889.114731085752
442.0,-13457.420273565618,-10931.685434942206
326.0,-12808.156786959356,-12722.075643620316
386.0,-11501.522993646313,-14797.82783339468
224.0,-11719.961206973208,-9210.290703320112
380.0,-14031.591085587805,-13748.953532008329
263.0,-8443.862772185523,-13505.39313080028
382.0,-12232.643228377116,-15380.959840525418
337.0,-7374.084283854561,-6524.708772624515
418.0,-16815.26368590024,-9743.100451196991
311.0,-7759.62522894928,-10394.923784410155
224.0,-11576.834718106007,-10259.4906095033
348.0,-12038.080971273892,-18516.25211890664
311.0,-8555.211605035613,-12219.387178885438
300.0,-14964.038778689515,-10308.994060507985
255.0,-7441.26863415855,-12937.012981702655
358.0,-9109.96279772218,-13928.584620529226
390.0,-11221.122808167567,-6058.437630474975
273.0,-8678.385223752222,-10907.99341758836
308.0,-11929.497543692563,-17608.632782667337
309.0,-13713.905819150665,-12967.37611053577
413.0,-11290.956462243234,-8732.842877679559
320.0,-9345.97441887428,-12539.060576173037
392.0,-15621.3185732344,-14821.757046552895
193.0,-10782.890475277549,-12437.543298832888
417.0,-10910.438152399282,-7822.435911644268
392.0,-14176.769028747112,-9613.258694194054
323.0,-10291.832041402184,-13988.324863170066
309.0,-15287.92081182819,-11932.658846920622
277.0,-8356.216299486725,-14471.47101749878
274.0,-11028.290251539089,-11960.322039829804
348.0,-9919.33159597516,-8817.73697142216
378.0,-12624.415982021275,-17705.949691532882
102.0,-9080.140312708949,-13646.974906829746
265.0,-8659.181823147097,-13215.912890901818
418.0,-9986.70481200943,-6332.512154271586
332.0,-11713.774723467212,-13809.272516143195
285.0,-10037.818845655203,-11830.439945374175
289.0,-15111.941732210167,-11302.800787102737
280.0,-14462.966729696189,-9928.982975600906
387.0,-11020.917818064485,-11797.16879315631
343.0,-16011.43448490289,-13839.148698901856
270.0,-11611.57057410125,-16857.866920396045
212.0,-11211.45120731555,-12123.608164560195
230.0,-10616.62948217218,-10092.42552923939
252.0,-9516.338110255634,-10600.75419279639
447.0,-11684.74889635223,-8992.108571401499
305.0,-15588.868409107768,-13627.056836347194
160.0,-9375.100339622742,-12076.64320053257
229.0,-11256.144945167962,-9629.578388082606
353.0,-12131.652277861987,-5026.267385460742
423.0,-11809.354127742788,-8576.270886624134
407.0,-11477.032368625856,-11501.067416344074
325.0,-12486.69953682163,-18326.487258458987
369.0,-12656.283041339007,-8669.630144872062
412.0,-16111.274597626856,-16040.37928079922
428.0,-11758.214511523154,-8645.128208030295
290.0,-14780.064230744792,-11247.343084471337
374.0,-12515.463280522104,-17355.028762929593
350.0,-13098.645893431876,-18935.360732647063
289.0,-11472.563463434042,-9525.787392909457
298.0,-12971.134802343431,-15282.88501163166
61.0,-9174.181867408366,-10796.462288932053
297.0,-8744.42218336754,-9236.213219756424
371.0,-11941.381987200766,-6606.874092935388
267.0,-11675.499732635028,-13473.280099911712
345.0,-8072.952278449589,-10666.365860399346
296.0,-13768.729716583211,-17718.57371885135
358.0,-13699.415977538596,-11843.968916890626
23.0,-9853.618787966774,-12018.149707503588
226.0,-10373.918337314408,-10353.53878709321
355.0,-10858.160043811937,-13788.661484596088
315.0,-9019.02373641745,-13302.598756102969
317.0,-13557.125426495542,-15454.512683467394
213.0,-10932.94215158438,-10134.78034880138
258.0,-7627.27847918473,-10402.81193045021
411.0,-16446.950404753836,-14032.645689154942
242.0,-9819.366205382164,-11833.48149371775
242.0,-10213.133399735105,-12461.932006327372
243.0,-9649.444630156151,-12358.240282891997
243.0,-9744.246404247346,-11842.963756890123
244.0,-9909.325399295809,-11697.35300043728
244.0,-10619.252896768076,-12159.848799937165
244.0,-9633.27351637963,-12476.907470774418
244.0,-9866.087540902896,-12262.933117882316
245.0,-9078.844654104743,-11809.14618137633
245.0,-9891.036021603111,-12905.330803187477
245.0,-9762.537973921137,-12723.18241322169
245.0,-9144.461770103871,-11798.416296120784
245.0,-9814.509927704585,-10688.77232189752
245.0,-10677.415791586258,-11958.9509376633
246.0,-9609.238864364748,-11837.709288361346
246.0,-10198.33555330709,-12251.457555531177
246.0,-9089.216332686496,-12181.427442146169
246.0,-9757.141549564276,-12065.57671400647
246.0,-10221.41273120576,-10798.97446491311
246.0,-10463.847997788716,-11943.562759433917
246.0,-10152.363022626096,-12272.548242068911
246.0,-9527.18033996894,-12579.394029453351
246.0,-8774.91679740794,-12842.422533002617
246.0,-9741.1948119976,-13097.072383718973
246.0,-10443.198159800995,-13059.472090942074
246.0,-9461.237721857864,-12223.087354784137
246.0,-9788.405337383496,-10821.446954604884
247.0,-9751.16572254404,-12007.316582047648
247.0,-10548.41248579674,-13177.910222025548
247.0,-8942.29856646698,-12929.351215675755
247.0,-9354.25654765465,-12926.986544342482
247.0,-10269.880466206774,-11980.828040429533
247.0,-10267.562518466148,-11738.369612264927
247.0,-10369.685782056811,-11697.286359731725
247.0,-10046.068506053074,-11165.620272172458
247.0,-9969.14592077072,-12418.124722372711
247.0,-8194.300376649684,-12704.199873134276
247.0,-11028.066370082828,-12008.221555457383
247.0,-9604.12739702572,-11278.947669920257
247.0,-9183.87699936853,-11936.166863991606
248.0,-10041.814506398952,-11723.47945585184
248.0,-9776.662537594771,-11652.293031282145
248.0,-8619.211512935113,-12607.223182340307
248.0,-9541.16074747444,-13123.721439313884
248.0,-10399.11478385424,-12822.18709637462
248.0,-8966.74249615478,-12159.723823642536
248.0,-9203.316231615405,-10530.01837092939
248.0,-9499.514500131856,-11492.722424061629
248.0,-10500.652987781848,-12715.13648999926
248.0,-10635.394072665778,-12980.11017663837
248.0,-9516.347318749722,-12467.365400099472
249.0,-10847.582011838796,-11545.398606591509
249.0,-10340.57340104227,-13237.621923164888
249.0,-9146.347484630704,-13712.505862699809
249.0,-10557.44551867533,-13619.79626715472
249.0,-10599.592618659086,-13196.233157490624
249.0,-10398.801987894807,-11559.78566811415
249.0,-9244.9215444271,-11383.384166419548
249.0,-9924.166261731638,-10341.508920781302
249.0,-9936.559272859186,-12623.657805617742
250.0,-9183.265192705743,-13149.3166399909
250.0,-10887.26516260018,-11905.731761736191
250.0,-10025.76426126376,-10826.594919223968
250.0,-8713.705858600913,-11437.655932263617
250.0,-10686.461870347966,-11649.774117274086
250.0,-9748.1024644254,-11148.59617450412
250.0,-8461.612544203957,-13034.770136257994
250.0,-9158.080421753288,-13799.786667573804
250.0,-9654.192773143037,-13424.426434606474
250.0,-8447.315419870982,-13504.25498378911
250.0,-9870.152925051929,-10293.95044259965
250.0,-9225.40934279307,-10932.47095375878
251.0,-8818.83354716367,-13032.93125422172
251.0,-10185.88156009722,-13154.925132311471
251.0,-10131.336885323331,-12385.657340365316
251.0,-10098.042780887983,-11553.883534081102
251.0,-10688.292810200588,-14229.829404520971
251.0,-8738.627466025204,-13280.722215342375
251.0,-10380.217948326896,-13526.045953369028
251.0,-10059.166597766118,-13664.486938363263
251.0,-9859.192720046118,-10896.772101204557
251.0,-8833.016127742407,-12078.530099898178
251.0,-10228.301872453305,-10394.959547882594
251.0,-9888.717627089994,-12581.75567992522
251.0,-8960.46275270622,-13517.384717336949
251.0,-11035.518898283966,-12050.672334926408
251.0,-10635.00920873536,-11185.168158447868
251.0,-8716.656749094505,-10916.19223630394
251.0,-10833.555225075954,-11822.50228839882
251.0,-10203.770324841926,-10722.16437297907
251.0,-8300.804585433678,-13285.222597307777
252.0,-9409.464433667898,-11908.915552764489
252.0,-9873.063291654093,-12697.03403412209
252.0,-8933.153376850476,-13472.807931301688
252.0,-9196.462048960972,-9683.329817442984
252.0,-9298.12440954774,-11809.575450783612
252.0,-9132.465097949342,-13871.046645134744
252.0,-10826.227327832565,-13712.477712443711
252.0,-10710.877558250815,-12065.641978997037
252.0,-9909.19999004798,-11384.262945962802
253.0,-8343.759911758058,-12302.38276270985
253.0,-9003.72718399286,-13414.910629473903
253.0,-9783.714855160972,-14010.016163132274
253.0,-9946.383430284255,-14032.373414238256
253.0,-9356.580772935951,-10578.288471391425
253.0,-8349.426580127933,-11828.439018046376
253.0,-10283.359307714138,-10096.708222834031
253.0,-9678.97703374937,-12317.197092468814
254.0,-9592.914530196977,-10603.133715143456
254.0,-11959.5088293172,-13120.766900838786
254.0,-10476.671934751244,-11466.86078581484
254.0,-9483.330467947955,-11436.070823828357
254.0,-10992.79322389267,-12107.766112712889
254.0,-11003.411652555453,-10462.11376072075
254.0,-9006.28659866447,-13591.249807629856
254.0,-10108.134708700103,-11406.550428109564
254.0,-9453.759168499964,-12466.499590750987
254.0,-8372.8859184007,-13512.555293144203
254.0,-9241.29951823497,-10004.258349587824
254.0,-10095.099800776528,-12807.044227340504
254.0,-8936.34622797113,-13686.527605960442
254.0,-10811.06763519601,-14496.001411393168
255.0,-8559.781551052572,-14081.202607004076
255.0,-9416.97412001165,-11862.039135238758
255.0,-7824.215577750251,-12863.032023085108
255.0,-8488.131928930605,-13412.361741203218
255.0,-9150.756379333714,-13103.483646763656
255.0,-9185.095952567835,-14398.05019969808
255.0,-8638.515961923351,-10604.042941385396
255.0,-7896.8103819323105,-11858.378614451638
255.0,-9637.874332654832,-10047.289103706904
255.0,-9360.97761910478,-11632.860451659497
255.0,-9337.56586494728,-11027.902983914792
255.0,-11377.331947671695,-13509.844078119288
256.0,-8770.62606197331,-13586.6148059331
256.0,-11441.150170207127,-11459.21100481081
256.0,-10785.203874794805,-11455.335789318544
256.0,-10690.26628845588,-11241.10805281072
256.0,-11147.2988601828,-11347.344497171278
256.0,-8962.351233221578,-13822.212772146717
256.0,-9966.203893909877,-11453.244769972787
256.0,-8374.958843771676,-13430.994217919751
257.0,-9857.11988159576,-13173.929428706371
257.0,-10299.350466870575,-12664.510244170557
257.0,-8945.646919840146,-13182.88756163142
257.0,-11439.117401114228,-14630.609811043574
257.0,-8042.972168832413,-13845.954567969737
257.0,-9095.700805359216,-12285.501779260494
257.0,-7765.851733530445,-13518.094594044198
257.0,-8646.286733602377,-13380.726927767755
257.0,-9518.845747516498,-13092.560304960283
257.0,-7936.52877235163,-14918.10735612329
258.0,-9595.1037094222,-14075.59048665554
258.0,-9164.964548145268,-11269.416290765545
258.0,-7683.921174032437,-11594.960445875917
258.0,-10014.595271738148,-10847.2296721138
258.0,-8661.901729802175,-11858.249751791322
258.0,-9163.785168367434,-10828.104656913172
258.0,-11229.428503706513,-13427.350198476384
258.0,-9241.815231106955,-13660.799207912443
258.0,-11714.83295654656,-11232.248035604476
258.0,-10589.591933658936,-11139.81172359042
258.0,-11337.156207358585,-11375.746757635014
258.0,-9404.93939991393,-13469.557096411194
258.0,-9854.09162185916,-10476.161761066329
258.0,-8103.795279314078,-13008.461292269449
259.0,-9697.577582909576,-13536.861888894691
259.0,-10386.694538863305,-13132.176095061512
259.0,-9000.651562041505,-13481.483365797008
259.0,-11960.693124966569,-15596.078899973209
259.0,-8021.025222493378,-14148.503472010554
259.0,-9033.090190541345,-12142.47203991798
259.0,-7823.910961628543,-13908.12592929019
259.0,-8402.415924732097,-13275.007943910086
259.0,-8945.569332086465,-13226.395495863047
259.0,-7888.986662167902,-14755.564659425703
260.0,-9494.798856727251,-13051.422195144063
260.0,-9707.814474683551,-14934.6984559195
260.0,-9620.203076010986,-10381.048495606445
260.0,-8063.029290740036,-12084.847029046648
260.0,-9631.934987294617,-10799.287614398649
260.0,-9202.34181589319,-11866.34068999191
260.0,-9046.387120955904,-10530.126078135923
261.0,-11932.32573804374,-13739.826045906024
261.0,-12029.205992044514,-11634.086791710324
261.0,-10489.034988223431,-11045.122574981897
261.0,-11863.97472053883,-11483.059188190222
262.0,-11115.528519535435,-11552.206801184951
262.0,-8946.249779290569,-10549.55605218434
262.0,-7702.341596057521,-12554.924065397112
262.0,-9334.321212962192,-13663.66381986568
262.0,-10689.942178360609,-13278.651045841374
262.0,-9494.094001622914,-12885.437976609326
262.0,-11539.528869455651,-15212.05862602654
262.0,-8162.672243023448,-14610.826857509745
262.0,-9053.382257039071,-11240.464890899138
262.0,-8050.767348848718,-14466.118983713888
263.0,-9378.763892144643,-12412.903479101971
263.0,-9431.723706944344,-13042.009934510012
263.0,-7671.697689610084,-15047.330326257988
263.0,-9929.324789516746,-13255.524141402084
263.0,-9183.379957801048,-15450.608639288152
263.0,-9099.122044415057,-10494.113856709597
263.0,-8327.287267849799,-12687.30754717882
264.0,-9859.655262133834,-11390.05104217326
264.0,-9798.357470416657,-10490.882827752648
264.0,-11925.168808338622,-13541.05305525058
264.0,-12511.949804964854,-13069.124514005114
264.0,-10290.173033321891,-10499.07909646834
264.0,-12133.477670202765,-10797.576596381963
264.0,-10829.250747292075,-11519.225249378247
265.0,-12141.497714724072,-12222.412503546628
265.0,-7745.466702188084,-12550.058578139073
265.0,-9150.19096489851,-13918.95015576059
265.0,-10782.122281211492,-14104.71499752445
265.0,-9219.56405330396,-12269.789905335134
265.0,-11350.38408153674,-14971.07421998723
265.0,-9502.123697733208,-14670.004827865174
266.0,-11995.61227571824,-16329.028537445622
266.0,-7583.289520170853,-14308.708343524027
266.0,-9805.200802090922,-12823.884842052576
266.0,-8772.852937196418,-13096.200454034044
266.0,-9793.277959924924,-13748.149963873571
266.0,-9029.41934631491,-14928.123795016116
266.0,-9562.316817110266,-11002.552532345324
266.0,-7285.574639822673,-12493.85238620586
267.0,-9312.021297234349,-10817.816181944949
267.0,-9853.03948164656,-11758.8850073507
267.0,-10619.27488817971,-10861.923468307625
267.0,-11710.302290777268,-13434.841692870166
267.0,-12573.963527016407,-13021.216846889603
267.0,-9515.267309246849,-10349.27506370285
267.0,-12581.551931824271,-10374.24856907386
267.0,-11950.571551755904,-12053.842603436584
267.0,-11737.487000880044,-12156.058556268414
267.0,-8333.68570529637,-11711.34818358428
267.0,-9817.415433067878,-14709.548541882134
267.0,-11215.726754201787,-13733.877237550216
267.0,-8980.33070710803,-11034.948017195591
267.0,-11806.847312007216,-14314.468269964698
267.0,-10014.096522573387,-13946.78071791088
268.0,-11661.986231819765,-14389.80023097017
268.0,-7254.049021564404,-14092.68194862474
268.0,-9533.802844831236,-12407.777346985788
268.0,-8454.623233647742,-13556.856959469394
268.0,-9463.557892868652,-13354.039496819589
268.0,-8703.129656298413,-14802.805578371566
268.0,-10450.201418800883,-10581.56508692754
268.0,-8260.797955473105,-12235.86128426094
268.0,-8983.398372971227,-11352.136670359756
268.0,-10587.575000370503,-10725.932680659029
268.0,-10627.958173846093,-11235.031361879612
268.0,-11989.224686709464,-13335.062905182736
268.0,-13186.8623765192,-13787.916015345822
268.0,-8864.430704440449,-10337.920116343652
268.0,-12340.698332740929,-11605.1220241618
268.0,-13144.628581310772,-12234.942773552388
268.0,-10740.56828142178,-12038.188824995785
268.0,-8217.801164097522,-12137.338354768062
269.0,-11690.616998251662,-11607.3775769303
269.0,-11331.725135053146,-13510.249994898935
269.0,-8525.534884260811,-11378.670614936724
269.0,-11737.526992090648,-13957.74176996061
269.0,-10085.166808456132,-14924.20323226574
269.0,-12409.033592567215,-14711.634123115397
269.0,-9480.363858760807,-12768.181157494677
269.0,-8663.530071296733,-13624.233966850245
270.0,-9397.292388206326,-13275.805700854547
270.0,-9616.26207255343,-13085.018676055925
270.0,-9818.70409856668,-15078.932180528109
270.0,-11539.900030428664,-10688.395107098244
270.0,-7804.190882916575,-11797.153324265377
270.0,-9681.307610125565,-10866.587377163643
270.0,-10602.944581201076,-11230.80266867624
270.0,-12788.187618218391,-13377.10600825016
270.0,-12264.756467501978,-14209.8078287858
270.0,-8540.852455413891,-9837.27990372468
270.0,-11587.431934740567,-10521.400026981692
270.0,-12433.719602269512,-11750.432083310729
270.0,-11563.822275956913,-12350.014295127326
270.0,-7608.687105891124,-12536.306011054534
270.0,-10937.049137997836,-11850.805473258864
271.0,-8705.981529519442,-11774.6854378285
271.0,-11473.92680282081,-13092.53670611276
271.0,-8971.416596225841,-11105.19003798848
271.0,-11784.951417134844,-13150.914121157624
271.0,-10040.516410484404,-14413.56356120115
271.0,-12343.0582242677,-14056.653756109306
271.0,-6447.270549237056,-12800.49563867237
271.0,-9421.103795674702,-12564.525629972442
272.0,-9506.348742046912,-12272.838423285011
272.0,-9949.96692320959,-13417.84042430673
272.0,-9346.335642248983,-14435.929238392246
272.0,-11480.618651913524,-10700.758606726393
273.0,-9779.983309325473,-10291.22546502248
273.0,-9629.49088231253,-10138.782881646895
273.0,-10907.069350819802,-10215.035586424448
273.0,-12753.245667283609,-12813.412584929618
273.0,-12416.626977173008,-14141.653937371606
273.0,-8445.83531127367,-9624.576129489
273.0,-11775.077021159375,-10714.150476340265
274.0,-9016.697406499134,-10299.850569647591
274.0,-11300.12600050638,-11572.166258465497
274.0,-7554.440359348964,-12660.52504668261
274.0,-11005.1158044189,-11609.422817457606
274.0,-7957.544141246656,-12168.34210534897
274.0,-12212.554590863763,-12823.33194034895
274.0,-8832.595470576816,-10741.269488646114
274.0,-12458.978171861849,-13153.334742348903
274.0,-9486.234954617845,-14308.503636238423
274.0,-12752.04206453308,-14515.176938815466
274.0,-6286.49964058151,-12510.034075883692
274.0,-10288.71705749057,-12000.912883216926
274.0,-10238.675843073292,-11431.7462718086
275.0,-9477.46685622764,-13496.647729545675
275.0,-9404.94574293318,-13445.443411878225
275.0,-11220.414940539971,-10528.671235018455
275.0,-9359.992006934375,-9889.860942729378
275.0,-9143.774555658394,-9737.782344950498
275.0,-11196.61902186959,-10486.17585445167
275.0,-11989.343106948963,-13095.179898762632
275.0,-12549.94956981256,-14843.406284712246
275.0,-9175.75370865596,-9965.273857482312
275.0,-11602.211360725112,-11686.53003536738
275.0,-9402.630868254004,-10365.839232491977
276.0,-12023.11638759278,-10482.43300495725
276.0,-7375.297005346912,-13110.566864905466
276.0,-10288.849045518313,-11552.669873381445
277.0,-7186.6323560822375,-12443.450262061842
277.0,-7262.824463670566,-13004.411527354714
277.0,-12639.683668102143,-12424.017582460894
277.0,-9743.806813990615,-11052.461455105326
277.0,-12717.831342705516,-13352.543657558466
277.0,-13194.879812683062,-14646.168918741372
277.0,-6628.391441460103,-12916.739250868091
277.0,-9839.991275108245,-11743.82110074956
277.0,-9503.110240472111,-11086.839853945754
277.0,-10183.933939192855,-13598.48655240609
277.0,-9533.502780186938,-13842.066484864928
277.0,-11582.99552213924,-9550.853962760242
277.0,-9079.914339862848,-9891.027048987213
278.0,-12262.960757462206,-10901.4516969981
278.0,-10758.609928659473,-10323.42039211664
278.0,-12907.999633003432,-12933.49947986209
278.0,-12151.32694766821,-15277.17159606286
278.0,-9092.120958131314,-10519.238731695676
278.0,-11763.804386661095,-11800.680622391385
278.0,-9057.321572146882,-10437.634797295024
278.0,-12295.01781693272,-10298.650715183125
278.0,-8117.760449555239,-12988.579753715854
278.0,-10193.36844045509,-11737.323454431376
278.0,-6724.532558183765,-12859.684728684097
279.0,-11661.730794166891,-11410.167443064727
279.0,-12592.450559424024,-11827.586178299243
279.0,-9021.336728285129,-11861.782274299612
279.0,-12856.28030151293,-13192.227079001472
279.0,-12615.228654634211,-14326.405954453674
279.0,-6473.984282517322,-12708.547817948029
279.0,-10322.941849061684,-11603.222712396866
279.0,-9194.580241412994,-11112.86412304545
279.0,-10330.293374043657,-14121.75237095819
279.0,-9725.076576472198,-14670.673272909078
280.0,-9319.316394095673,-12996.828187826104
280.0,-11200.968258642575,-9425.057034882771
280.0,-9510.607396127663,-10453.236782801512
280.0,-12544.758601066758,-10092.286159279647
280.0,-9736.1065228421,-10656.452385134942
280.0,-12178.801716641648,-11997.807637773103
280.0,-12808.98169420926,-15003.52222409573
280.0,-9687.409228094286,-10200.331424252112
280.0,-12016.08186172303,-12084.27827395354
280.0,-8166.531439007774,-10314.893163826924
281.0,-8788.739915331744,-9629.089965084915
281.0,-9853.84218783926,-11486.308679615337
281.0,-6680.7531753921085,-13122.100482219406
281.0,-12298.423423255688,-12125.426829118944
281.0,-13028.159933599096,-11361.93772446316
281.0,-8143.455364601788,-10576.658967119543
282.0,-13251.480522869277,-11856.500445898928
282.0,-13187.525093632878,-15053.524004393434
282.0,-5221.620135321084,-13013.440748804473
282.0,-10424.042987452514,-11041.56177251499
282.0,-9355.927636819164,-11913.278333171342
282.0,-9398.011230941916,-14269.012659095188
282.0,-9933.383291611117,-14491.130653747052
282.0,-9485.003218600992,-12605.615495808948
282.0,-10670.392806815713,-8357.029564600887
282.0,-9579.535381377224,-9985.955346896972
283.0,-9133.425314240909,-10256.693831017392
283.0,-10188.897427376309,-11240.135347886218
283.0,-11489.059087177377,-11696.733924466642
283.0,-13296.957589886955,-14828.135458799914
283.0,-9950.690732936257,-10360.11646386617
283.0,-12073.781631608585,-11801.731467035295
283.0,-7914.458423393974,-9452.120011447834
283.0,-8680.47228260288,-9855.115957536926
284.0,-11223.192889597442,-10344.807349266615
284.0,-12416.422719864007,-11703.514035926864
284.0,-12688.323558847436,-10503.838834979791
284.0,-8638.709201654508,-10708.75063986992
284.0,-12922.721181323126,-12690.415463668256
284.0,-13161.53864809232,-14846.896266915108
284.0,-10369.032418540275,-9722.610697588168
285.0,-5972.736977591926,-13296.383456177222
285.0,-8645.274001214986,-12036.86461316913
285.0,-9369.410521816337,-14011.99394946362
285.0,-10317.321311174936,-14612.357890365243
285.0,-9924.654223586696,-12899.217631637255
285.0,-11246.118925377172,-7802.982230307955
285.0,-9250.77702393192,-10652.173444186968
285.0,-9087.616550513809,-9892.949954713244
285.0,-10109.928547912616,-10996.12695965397
285.0,-11072.96029478348,-12022.771963178304
285.0,-13210.05331105668,-13778.221563283169
285.0,-10426.969943728349,-9779.740179911589
286.0,-10239.887648046915,-9843.814989869212
286.0,-8280.77312978545,-10083.86058147152
286.0,-11205.830921853223,-10558.13027436651
286.0,-13002.65715648269,-11982.482447241864
286.0,-12379.874507637023,-10697.500801992606
286.0,-9334.619051837284,-10587.953199927364
286.0,-12686.157486541762,-13124.449741355646
286.0,-12670.784934522811,-15650.6675968482
286.0,-5006.817116830829,-11967.738885879116
287.0,-14763.95892218598,-14594.463779577249
287.0,-6751.8038259363,-12929.27166160838
287.0,-8921.134336807605,-12711.507342666113
287.0,-10255.22977216565,-14155.966624544108
287.0,-10677.480362419446,-15886.180350264854
287.0,-9874.540921113192,-13555.430264090912
287.0,-11563.172211586729,-7921.093795179433
288.0,-10198.833444825254,-8085.150005074841
288.0,-8703.634942520977,-10548.83287706279
288.0,-9760.752854454897,-10571.747562497649
288.0,-11017.54913487606,-11730.989027936484
288.0,-14186.17215282617,-14219.136612253234
289.0,-13420.194712742095,-14523.07428306342
289.0,-10702.593933288048,-9430.764402639705
289.0,-7766.187755072891,-9755.83550274716
289.0,-11461.742882013405,-10559.309793958044
289.0,-12779.228430948566,-11555.464103025037
289.0,-12400.505625089118,-11118.68950840062
289.0,-8847.264253783054,-11325.66320705391
289.0,-12363.653822725397,-12499.157929335894
289.0,-12917.247476920393,-15751.476588733298
289.0,-15173.67093625016,-14295.15853208472
290.0,-11383.157909560688,-9094.840668667735
290.0,-10365.063695111705,-14082.044118923064
290.0,-10474.915055236605,-16126.207830253135
290.0,-9225.454152012628,-14532.978509255749
290.0,-11633.77399538982,-7552.178518439517
290.0,-9567.965652649713,-8725.314395284544
290.0,-8596.530361192867,-10423.530679007466
290.0,-9971.077366357733,-10317.110276800837
290.0,-11426.336019078277,-10606.408928166798
291.0,-10359.596249099057,-11165.96952898144
291.0,-13457.679557315498,-14272.87726388312
291.0,-10426.906286889418,-9318.642561642517
291.0,-7329.584885180495,-10812.073025840597
291.0,-11794.87277805416,-10560.358282902636
291.0,-12313.815168312382,-11405.680813788753
291.0,-12306.405086020346,-11500.775025024544
291.0,-8014.558838393744,-10341.08863254716
291.0,-12337.545558545136,-11597.66804164475
291.0,-12525.90276115294,-15371.981263300604
291.0,-14936.75761798177,-14780.65722924941
292.0,-5646.223682326956,-12479.926902406258
292.0,-11071.82838305086,-8352.387132825415
292.0,-10930.201212566826,-12805.526370451942
293.0,-10016.24076934516,-13579.152209911144
293.0,-11057.03891313424,-7850.612900598801
293.0,-9180.509839310746,-9017.808946042524
293.0,-9565.202490991893,-10543.915453848716
293.0,-9681.321127352528,-9441.39414882573
293.0,-11153.241587067683,-10506.24703571017
293.0,-9978.331611856804,-12028.73675453385
293.0,-13014.429982278358,-14551.387321277238
294.0,-13790.702338451953,-15232.4752805248
294.0,-8106.860400019306,-10309.60999340813
294.0,-11830.769969000929,-11567.73997629834
294.0,-12334.966966049344,-11562.004470627233
294.0,-12681.119441647645,-11859.128421996473
294.0,-8032.570702832394,-10562.59021484408
294.0,-11113.52955793107,-11955.959641210977
294.0,-12228.783612630798,-15618.99386707636
294.0,-5686.534883818716,-12938.270961972865
295.0,-15034.207006614188,-14517.342044044472
295.0,-10399.929166366745,-11847.901424700976
295.0,-9746.754148684086,-15535.094228260838
295.0,-9383.282248354495,-14452.572690698447
295.0,-11765.180077633308,-8120.193127390419
295.0,-9098.188425623945,-8738.653277721342
295.0,-9044.14189922954,-10126.569067786248
295.0,-10011.265408973277,-8904.903538792803
295.0,-11611.809326715444,-10229.8298792385
295.0,-10329.057768554494,-12448.927972308033
295.0,-12621.727755931592,-13943.938870087042
295.0,-13513.754323157367,-16496.946194448537
295.0,-8275.835349888666,-10707.92781270616
296.0,-9993.996822443953,-8775.325862942213
296.0,-13106.262557061951,-11410.258725367072
296.0,-13847.0247384567,-11557.80280646087
296.0,-8389.318758115593,-10779.349979606155
297.0,-12197.586337091834,-12091.436757327248
297.0,-12520.787395905709,-15495.310284991958
297.0,-4735.848474694837,-12926.515243938822
297.0,-14852.61503953126,-15051.35098362081
297.0,-10557.484702221554,-11871.292174950971
298.0,-10254.325122544664,-11828.144446818038
298.0,-12100.245047462737,-8279.40562275845
298.0,-8893.491184338678,-8665.782120944734
298.0,-9785.386615348349,-9690.477316294293
298.0,-10798.195981222156,-8630.591723130343
298.0,-12199.637102654926,-10182.346772198323
298.0,-9960.988181965691,-12380.410632349634
298.0,-12826.813612097556,-14024.80211722958
298.0,-13204.805545977366,-17015.534052575746
298.0,-8541.453801442272,-10083.110742508736
298.0,-8987.608001867982,-8815.751082597802
298.0,-13104.74915831633,-11288.169675860008
298.0,-13754.313992774596,-12110.78933615492
298.0,-8152.23080035038,-10529.248494915411
299.0,-13220.71657514092,-11966.338725025762
299.0,-11844.2281601534,-12094.437456534966
299.0,-12384.003848784734,-15214.850027887253
299.0,-4701.274804401961,-12342.744442938376
299.0,-14958.05575488785,-14942.221223091488
299.0,-10144.529043271308,-13582.745125117615
299.0,-10101.38150711427,-15705.558417925591
299.0,-10241.108421507712,-12713.28624258698
299.0,-12357.133041333414,-8129.5208283532
300.0,-10799.333923940048,-8943.085568139952
300.0,-10754.057073768709,-8267.787736976741
300.0,-11814.463275138984,-10603.049114462054
300.0,-10048.750133580108,-12698.962951650135
300.0,-12384.34963237697,-14434.965563367308
300.0,-12915.554248638018,-16841.72895771583
300.0,-8196.454812196136,-10486.406030555829
300.0,-8380.06941872364,-9004.760082058214
300.0,-12830.013490827194,-10925.5122592249
300.0,-13673.376599363968,-11849.53350970056
300.0,-8769.495325756614,-10862.116616030216
300.0,-13408.35163142376,-11400.043190440992
301.0,-7550.944403292061,-10383.601690739297
301.0,-12374.457631371297,-14849.136141712495
301.0,-14472.624502953297,-15292.88110349028
301.0,-10060.156688719228,-13298.23290158849
302.0,-10082.180867922005,-11617.514014952403
302.0,-9611.916408295276,-12197.962094635102
302.0,-12427.249804335996,-8020.381925364052
302.0,-10573.779067361318,-8975.127859226051
302.0,-10442.880415790263,-8709.08767884961
302.0,-11532.976105991112,-10138.854569430478
302.0,-10637.57863546584,-12845.53976878805
302.0,-12347.216849193495,-14636.692637178836
303.0,-9596.7368376738,-11814.621446614954
303.0,-8362.646036761294,-9073.1972817508
303.0,-8479.65887375034,-8618.752038088576
303.0,-12951.155516484358,-11460.987449553637
303.0,-14233.623130406671,-12469.06870037539
303.0,-9065.56405315972,-11542.44949359174
303.0,-14038.7533805399,-11926.258457457425
303.0,-12800.132275152811,-15120.03086552665
304.0,-13080.005089778815,-15204.630019150884
304.0,-14436.15467051433,-15912.396618427543
304.0,-9490.193911774668,-13720.534521541587
304.0,-9891.91145929138,-12036.29086900062
304.0,-9143.27128064818,-12269.518947759616
304.0,-12531.08543894897,-7977.763023850262
304.0,-10644.856249427768,-8531.518726206637
304.0,-10677.608528937972,-8617.705244761704
304.0,-11834.61934548859,-10420.880703805777
305.0,-10807.18945284315,-8284.371148837037
305.0,-12044.809654019971,-15519.896508975453
305.0,-9030.742056475086,-12988.285139101255
305.0,-7654.785309519525,-9286.442400577158
305.0,-8963.063832867896,-8388.937163952138
305.0,-12269.97325001196,-11009.758670019031
305.0,-14278.59455144587,-12937.81721692884
305.0,-8590.68059716165,-11586.021392053051
305.0,-14136.324472364557,-11770.995561721887
306.0,-9835.675252324929,-11065.760409807832
306.0,-8038.070572263657,-12140.162688828948
306.0,-12738.479200877708,-15512.312342275249
306.0,-12587.63690027078,-15058.880808814734
306.0,-14129.37734425275,-15751.965520744709
306.0,-9645.242057655005,-14703.46167038057
306.0,-10309.054755666722,-11695.102662626645
306.0,-9252.97174225751,-12492.189072533827
306.0,-11424.649135135423,-8523.891329394033
306.0,-10693.6416697776,-8487.677912913514
306.0,-10123.902344099022,-8551.756378324393
307.0,-10500.952328490768,-9966.03310976135
307.0,-11926.234306771965,-15494.52813744244
307.0,-9096.329529173749,-12738.930854376831
307.0,-7283.514268246051,-9006.680278533944
307.0,-9321.176319567432,-7946.633293191748
307.0,-12158.072390864349,-10235.690937739992
307.0,-13728.116736492895,-13135.873928102656
308.0,-12103.944041597511,-11716.368082302224
308.0,-14772.797870643695,-12393.176348103883
308.0,-9094.528917165855,-10661.014648080058
308.0,-7940.544843905677,-12003.71542345678
308.0,-13073.417973466225,-15338.22202480133
308.0,-13073.428392683172,-15480.088583931749
309.0,-13486.41245584589,-15462.945797493565
309.0,-13362.634366523724,-16157.58634482675
309.0,-9973.49178627141,-14544.015068682284
309.0,-11244.152223038394,-12482.507388221433
309.0,-10052.664175312217,-13044.09922210901
309.0,-11621.67352863081,-9220.73903659542
309.0,-10706.083262177111,-9583.680880650796
310.0,-10413.225180007918,-8766.442004973947
310.0,-10700.25990909525,-9289.242606231192
310.0,-10248.021125025902,-9604.440885156831
310.0,-11288.11560219908,-15404.910240687686
310.0,-7018.475879998196,-8459.076034550839
310.0,-8503.572176664424,-7793.254314124004
310.0,-11497.179297791135,-10449.9809236497
310.0,-12310.091150939865,-13200.767825559831
310.0,-12678.754708115628,-12218.734894601945
310.0,-14435.048085553706,-11725.741557849076
310.0,-8418.208886443152,-11717.908057101951
311.0,-14479.871867154918,-11663.632613060818
311.0,-13543.042512993285,-15243.08747558012
311.0,-13122.752606839722,-15610.419336256124
311.0,-13314.293297529082,-15422.964182560738
311.0,-13070.841333682907,-15532.506497525384
312.0,-13854.00388367854,-16565.147642785574
312.0,-11117.821670606729,-12197.696133308056
312.0,-9740.79575500235,-13717.894620695752
312.0,-12099.656325072274,-8667.202706208245
312.0,-11025.460727064405,-9602.94171819845
312.0,-10502.8517773482,-9085.840215405471
312.0,-10785.609829092944,-9186.908522587348
312.0,-10617.881306031712,-9797.191756530765
313.0,-9423.619928083586,-8845.40903730767
313.0,-7108.723244804983,-8591.983389704095
313.0,-9100.817493792692,-7047.475718632383
313.0,-11333.618105518306,-8829.447238869074
313.0,-12719.462346442986,-13338.451369542414
313.0,-12971.280618980974,-12573.480476397675
313.0,-14104.2153974944,-11438.151667335953
314.0,-12261.806958310304,-11670.115480285576
314.0,-15105.45541043226,-11676.275817187829
314.0,-13781.196644316551,-16286.821317526214
314.0,-12825.766742403745,-16164.76110364761
314.0,-13349.12187614082,-15585.196945164202
314.0,-13827.89170527861,-15663.156588388936
314.0,-13276.16925369044,-17374.913952838324
314.0,-11644.658861878364,-12494.19767554112
314.0,-10257.974858121175,-14120.739679470897
314.0,-11453.634646001252,-8766.51404961167
314.0,-10580.068379599796,-9192.72644377695
314.0,-10884.231192906793,-8760.663176931179
314.0,-10474.28032288254,-9907.479382364212
314.0,-10802.286585943946,-9915.981866060842
315.0,-11214.238930998892,-9324.86245989799
315.0,-6956.473296808457,-7997.366696973901
315.0,-8260.150052408304,-6893.389762343121
315.0,-11937.891813566306,-8613.171430801214
315.0,-13347.140017652027,-13327.519704756063
315.0,-12859.70097897784,-13205.125606745132
315.0,-13969.586976541534,-10626.836867027909
315.0,-11097.908256240817,-11094.471585736555
316.0,-14107.777895468886,-11773.663892793727
316.0,-12839.974835964807,-15588.527717485224
316.0,-12846.988301610343,-16605.675997229555
316.0,-13539.38446284978,-14669.97231750966
316.0,-13892.754616730528,-16007.86108092142
316.0,-14435.61824675838,-16865.988894125418
316.0,-12152.19230710078,-12508.874897041653
316.0,-10843.587066368904,-14384.481888943295
316.0,-10389.733154480296,-8564.759951384764
316.0,-10242.887142157091,-9568.194675890853
316.0,-10727.19074509499,-8697.386959794872
317.0,-11034.756517337237,-9224.130900716931
317.0,-10337.339227830316,-10939.497612208675
317.0,-11355.156938456332,-9339.477809549882
317.0,-6746.358785234685,-7244.866734384725
317.0,-8355.153067028235,-5935.6060866005
317.0,-12067.130404647049,-8511.995134041092
318.0,-12112.91228656002,-13587.121704435836
318.0,-14087.605423647545,-10501.097962915092
318.0,-10803.508376342994,-10918.834023967263
318.0,-13069.09958711538,-11516.500217576237
318.0,-13160.60153368147,-15338.357715869612
318.0,-12040.659016439588,-16066.494575100836
318.0,-13066.488076543168,-13822.480830098946
319.0,-13340.83362121604,-16743.557335472728
319.0,-13796.23590283736,-16902.410011909808
319.0,-12244.435646672078,-13404.544150171032
319.0,-10793.672316977934,-13914.271564276818
319.0,-10036.39080222094,-8222.037403263852
319.0,-10564.196710028276,-9504.740410105218
319.0,-11002.03412345762,-9470.94071654728
319.0,-10350.457958875022,-9260.18046236139
319.0,-9644.289312126062,-10861.964304949195
319.0,-11822.705366755074,-9108.654679757436
319.0,-6103.4719864053,-7578.948571844195
319.0,-7995.884701831776,-6561.893653255707
319.0,-12234.357213375104,-7320.430363449248
320.0,-11342.48417530145,-13342.556499163196
320.0,-14446.47963420904,-10991.040991505704
320.0,-10976.16567691522,-10570.28003643437
320.0,-12345.871313814165,-11055.734446775454
320.0,-12595.513571752506,-14277.42418072911
320.0,-12453.36148929874,-15686.254213374035
320.0,-13308.615613047055,-12764.22098740922
320.0,-13029.8977018415,-16650.559829476653
320.0,-13763.996879685665,-16012.80157918504
321.0,-11107.974856384755,-14216.277276144889
321.0,-10874.672990920844,-7804.067641274216
321.0,-11127.777607805145,-9450.826646812317
321.0,-10500.846472336436,-8934.26310114262
321.0,-10850.994217033796,-9378.098134615106
321.0,-9050.334715633411,-11070.286471539634
322.0,-10836.734244304058,-9772.646683260804
322.0,-6570.139825911938,-7429.38198131856
322.0,-7879.8325349501565,-7387.725389113441
322.0,-11270.672385913636,-6891.324264499526
322.0,-10537.895761556232,-12534.49545392514
322.0,-13785.94638665733,-11239.114110825129
322.0,-11508.968170431168,-10069.745885392756
323.0,-14580.177137332346,-9820.784700049428
323.0,-12743.724923297124,-15175.038442086256
323.0,-12473.476848470578,-16317.502776034846
323.0,-13808.926496409857,-13256.36304032572
323.0,-11985.015404032722,-16635.025174070895
324.0,-12445.652719305768,-16573.113866787717
324.0,-10684.39903616466,-14394.7730323406
324.0,-11189.840545555326,-7758.21501505389
324.0,-11281.235955912023,-9330.460133174294
324.0,-10765.921256204554,-9931.52073645254
324.0,-11585.250764668806,-9373.28174210556
324.0,-9454.440937313608,-10803.558947222422
324.0,-10632.267687731195,-8853.429162044837
324.0,-6890.429148600478,-7170.255913548569
324.0,-7286.931249212429,-8559.43610551547
324.0,-10933.070733337425,-6802.677940414955
325.0,-11074.42908468844,-12548.669765041748
325.0,-13685.597423658222,-11615.463873969513
325.0,-11384.945392999374,-10506.344546760933
325.0,-14310.244957564011,-9134.483247115882
325.0,-12947.24785276696,-15147.530862771217
325.0,-12039.911599771687,-16059.16514572936
325.0,-13796.632817831169,-12722.948626056696
325.0,-11982.58424977973,-16223.906821355771
325.0,-12364.849898667691,-17088.950083947348
326.0,-13817.191653690345,-16275.735827404773
326.0,-11287.090236729464,-14603.879766112694
326.0,-9865.342350335692,-7820.241480402114
326.0,-10973.16426922106,-9020.55047248831
327.0,-9982.927649820487,-9609.531799222164
327.0,-10236.5370668961,-10987.324576595136
327.0,-11030.396780373045,-9170.552554067155
327.0,-7430.867588761735,-8006.953826008337
327.0,-7263.412817140939,-9458.941638332451
327.0,-11351.494770874688,-7424.948198119116
327.0,-11200.80136136223,-12487.76043602021
327.0,-13633.5945689278,-11946.359036124371
327.0,-11542.90076585676,-10496.85558584816
327.0,-13469.33384405026,-9545.694188195988
327.0,-12528.14944822372,-15426.039200186531
328.0,-14165.194675743458,-10005.554324021958
328.0,-13182.84637088989,-16889.382870963
328.0,-13798.765780767675,-12951.812021221547
328.0,-12399.203496721584,-16925.43446745286
328.0,-12277.215964978875,-17100.049805036524
329.0,-13307.64920144191,-16320.544190518543
329.0,-11360.631053833837,-14076.112371653358
329.0,-10467.340386942931,-7970.768565951389
329.0,-11340.232813564748,-8528.85546291182
329.0,-8809.002845191275,-9447.22051577393
329.0,-10717.501812463806,-10976.407645003026
329.0,-11560.482596763444,-9636.140698362597
329.0,-6987.028078185611,-8392.538112449645
329.0,-7532.843367759247,-9233.642818812516
329.0,-11801.161102625078,-7640.900007240085
329.0,-11442.721879651124,-11883.905104768726
329.0,-13697.248273430128,-12137.744572015694
329.0,-11813.11317865815,-9605.072313192306
329.0,-13836.100554296048,-9485.557802306012
330.0,-11134.113770380476,-10033.39308821277
330.0,-14298.652034227212,-9818.932001850706
330.0,-13393.60140797203,-16368.661070958844
331.0,-12628.21503654647,-17481.895255661962
331.0,-11806.874143772113,-16247.33966932326
331.0,-12024.833995262648,-17200.28735902431
331.0,-12085.124556382149,-14375.557826024802
331.0,-10360.5831967114,-7793.237522137235
331.0,-11144.682407922708,-8556.674784911513
332.0,-9985.105514972329,-7977.847044078182
332.0,-11380.306584787231,-10510.26423946564
332.0,-11557.559652823456,-9986.498760579914
332.0,-7385.776113872108,-8845.30574291386
332.0,-7212.983989767052,-8970.873931021626
332.0,-11360.220265679583,-8124.855000023965
332.0,-11599.621832366429,-12642.228316309398
332.0,-14191.405764486475,-12623.834113415607
332.0,-11519.842877061354,-9434.510430867198
332.0,-13791.097636750845,-9654.887099124637
333.0,-11511.415521426468,-10436.70948644083
333.0,-14196.615318057333,-10082.680317510149
333.0,-13791.1650407231,-16634.104309304967
333.0,-12767.609380203989,-17633.624027430433
333.0,-12269.58455569226,-15739.84534173518
333.0,-11534.321478214386,-17080.639498013166
334.0,-10417.71579829975,-8610.874655907306
334.0,-11319.854189482814,-8270.789229677472
334.0,-11257.648139135572,-8124.437526988456
334.0,-11537.94844721982,-9734.845593392363
334.0,-11354.591999124814,-9653.940336932756
334.0,-8175.6170159667345,-8998.62522833394
334.0,-6819.272505226327,-9720.300556157112
334.0,-11216.070825109424,-7908.892933829423
334.0,-12002.07075866412,-12567.411244773566
334.0,-13830.17927757348,-13129.724694848208
335.0,-12415.98106881988,-12216.545539104123
335.0,-14345.383769531623,-9164.30199859157
335.0,-11660.721009661607,-10844.143727275115
335.0,-13855.514164493256,-10353.694796464544
335.0,-14537.304804208232,-16388.71886169083
335.0,-13586.664356430174,-17169.660114552433
335.0,-12122.815112918726,-15544.98040180143
336.0,-11713.191803199214,-16460.001250765046
336.0,-9705.575805556737,-8911.692746706007
336.0,-11880.73183191412,-8312.365684930506
336.0,-10733.688884607516,-7222.571844828994
337.0,-11256.053363510986,-8768.092007255083
337.0,-11620.672693792929,-9337.695283703591
337.0,-8350.693720645118,-8447.343029194228
337.0,-6892.077659805241,-9537.286203721214
337.0,-11667.660793600784,-8156.578597433768
337.0,-12440.189404304743,-11637.454938268813
337.0,-13205.686124196844,-13383.232611806408
337.0,-11857.906136165457,-12653.00763896804
337.0,-14472.27922690952,-10563.211152348797
337.0,-10936.5903737782,-10105.168927525085
337.0,-13537.7477802526,-10150.302559627651
337.0,-13989.774273559431,-16887.465912898515
337.0,-14395.295924829275,-17518.540785752935
338.0,-13018.2212192577,-18079.578236017674
338.0,-11534.9464072235,-16348.733823283876
338.0,-10430.533864121637,-8656.346111439407
338.0,-11542.375788238924,-9403.067568854072
338.0,-9543.457600956506,-8053.741710812323
338.0,-10914.52698799864,-8194.893496262972
338.0,-11214.629568225815,-8542.63291462353
338.0,-7993.266394116957,-8696.623514531417
339.0,-11412.82721543778,-9436.659693143272
339.0,-11250.354977874764,-7439.976658232379
339.0,-12022.380976819,-11538.68827233188
339.0,-13670.950532845907,-12706.663832159971
339.0,-11671.03584857517,-12085.577349316676
339.0,-14492.880620600048,-10985.29661527859
339.0,-11630.539472087044,-10159.333335665911
339.0,-14502.647307355375,-10359.892337435214
339.0,-14482.862590440498,-16595.921800226064
340.0,-13411.379879166234,-10570.096404597967
340.0,-13382.578144812627,-17826.004398094716
340.0,-14103.947664214891,-17760.041408642235
340.0,-11054.411561655585,-16490.708250130006
340.0,-11733.788911864993,-8340.734910986117
340.0,-9255.67194999369,-8225.526392845004
340.0,-10707.135220127788,-7701.242428789161
340.0,-10454.167042584624,-8651.597925705493
340.0,-7875.125674858427,-8263.327174669188
340.0,-10742.90116447549,-8930.248849479996
341.0,-8421.076309032478,-8568.642663423127
341.0,-11355.452266199884,-6810.3915195819145
341.0,-11715.54262661526,-11351.206301481245
341.0,-13322.033338605235,-13175.246812751191
341.0,-11593.444962537478,-12446.397001068828
341.0,-13492.523499786525,-11401.596661420865
342.0,-11994.410499409469,-12994.805276606614
342.0,-14157.5393430827,-10679.868330031451
342.0,-13944.446638597326,-16557.49252103216
342.0,-13324.605085881389,-10702.402724768082
342.0,-12512.127774089988,-18112.477962764657
342.0,-13464.019753983985,-17319.461839274074
343.0,-11616.151096471933,-8091.981793740325
343.0,-9248.29356320444,-7465.247849289723
343.0,-9494.190628753986,-7484.194507491901
343.0,-10370.357471115032,-9502.37893376706
343.0,-7975.70980080725,-8548.78645249381
343.0,-10397.767137218763,-8212.358572236906
343.0,-7880.099202172022,-8691.115030421195
343.0,-11097.388943704374,-6931.970815122882
344.0,-10731.83505622692,-11062.830902658236
344.0,-13072.678955057434,-12906.157287047585
344.0,-11452.265692385135,-12570.33965614737
344.0,-14051.63513061998,-11782.283690543296
344.0,-11705.922155296825,-12320.32478455212
344.0,-14558.058607823885,-10468.07619488279
344.0,-13993.851535788175,-15871.781317039073
344.0,-13371.498838773648,-10770.778098850662
344.0,-12076.013423132345,-17801.942449444494
345.0,-13628.187107332056,-18191.012968219795
345.0,-11568.606998066552,-8628.93234862058
345.0,-9961.587565489055,-7547.098029879985
345.0,-8944.554987131722,-7493.494724007731
345.0,-11534.333642463604,-9084.110780928488
345.0,-8476.538147934642,-8822.131988676201
345.0,-10353.819374836829,-8505.316574733926
346.0,-7058.295101855763,-8089.493403154935
346.0,-11789.040268233832,-7403.415677447631
346.0,-10751.028576757935,-10921.221780621749
346.0,-13169.76849142914,-12926.936880015732
346.0,-11219.169616062389,-12604.185725066456
346.0,-13274.896892672085,-9953.036589859092
346.0,-12383.177846830342,-11249.97192675778
346.0,-13705.3901345313,-10019.744186070056
346.0,-13677.904095803477,-16304.751725392907
346.0,-12563.508172260112,-10672.066809796534
347.0,-13772.002881458922,-15202.1830895518
347.0,-12277.222960772093,-17109.28940451006
347.0,-14031.611598476,-18316.482417145307
347.0,-11981.244579809194,-8544.59218526987
347.0,-10106.938972984615,-7792.73875304238
347.0,-8968.595487524102,-7265.723541203607
347.0,-10174.204323163509,-9391.19474251441
347.0,-8699.587130436328,-9570.9306318296
347.0,-10477.895712065432,-8491.61500702332
348.0,-7565.699935845795,-8250.91390829005
348.0,-11377.448116923022,-7632.297877698426
348.0,-10842.248265990964,-11322.664480552576
348.0,-13312.69108958143,-12838.510199061144
348.0,-11677.089669777515,-12726.168051391454
348.0,-12410.196047184198,-8797.878237745805
348.0,-12621.436095276384,-10345.805500819666
348.0,-14377.694638517984,-9397.52399524981
348.0,-13580.134759339027,-16765.498677468426
348.0,-12020.217929213242,-10484.463366730604
348.0,-13400.227944666049,-14909.272027923093
348.0,-12616.19485351589,-17329.08070308937
348.0,-13770.238828107033,-18458.98142261626
349.0,-11791.447337271293,-8424.65327695206
349.0,-10099.416043477231,-8215.233663411098
349.0,-9704.583975092475,-7039.802219645706
349.0,-10576.530750524307,-8726.467524494696
349.0,-8520.276667507209,-9640.900821935733
349.0,-10569.578960388004,-9352.77372441721
349.0,-7487.7286432645105,-8545.273358368222
349.0,-10486.705317640935,-6770.422195868404
350.0,-11565.54881808462,-7206.075007700523
350.0,-12874.77254914628,-13876.179425237597
350.0,-12416.3212615494,-13341.096115576353
350.0,-12431.698549681065,-8760.291705996264
350.0,-12179.29804077971,-9387.254552282542
350.0,-14685.158537686166,-9573.020197672407
350.0,-13508.500271445717,-15947.489327518646
350.0,-11607.41315405518,-9144.40791972129
350.0,-13791.906312032212,-14860.882747326015
350.0,-11847.95957493655,-16831.827775471007
350.0,-13769.981376604544,-18313.91153300381
351.0,-14073.227483039973,-18223.86112641036
351.0,-12190.41223080543,-8512.580065699885
351.0,-10077.20803778722,-7911.368830233332
351.0,-10492.490279558511,-6354.839335729532
351.0,-10288.91783448872,-8578.088704990954
351.0,-8849.384274676508,-9475.318806750727
351.0,-10073.84818828721,-9218.843300326816
351.0,-7700.887974307191,-8560.841311724984
351.0,-9552.654738291963,-7441.349513410797
351.0,-11449.858255887706,-6278.150728221519
351.0,-13305.86144627486,-14611.24598692113
351.0,-13331.351831720483,-13562.807450943616
351.0,-12541.058116834767,-8115.545178471534
352.0,-12408.330084807109,-12438.0421578368
352.0,-14871.432334731468,-8934.071789369129
352.0,-13577.413969677267,-15518.916793132244
352.0,-11486.405001892248,-9123.512062954516
352.0,-14150.452494120873,-14452.41540614126
352.0,-12138.391039202916,-17587.459807088337
352.0,-13585.883749640732,-18928.2227233076
353.0,-10057.752772811846,-7998.394040782259
353.0,-9943.695170800684,-6469.232645526407
353.0,-11534.767946334783,-8639.41929316719
353.0,-8300.250369269606,-9807.646912965372
353.0,-9845.64704376657,-9478.587403884932
353.0,-7718.8366018714,-9053.138248145042
353.0,-8838.513532866371,-7918.519299546115
354.0,-7674.552395742875,-8454.909479292846
354.0,-12043.077496874748,-5837.348566557138
354.0,-13855.38388928525,-14068.858384647312
354.0,-12692.88503472174,-12830.367896811636
354.0,-12421.181739270836,-8177.808640561355
354.0,-12880.121123649862,-12609.502477124544
354.0,-15253.597614516444,-9709.132209225794
354.0,-13304.813613543098,-15479.031165324446
354.0,-11420.307637725398,-8774.926421232063
354.0,-14555.846361208896,-13839.583133058852
354.0,-12656.93616330599,-17207.5246741194
354.0,-13638.787137911972,-18547.9430460094
354.0,-14505.783381804242,-18292.75160568904
355.0,-10458.151318573186,-9358.63326993327
355.0,-10209.895410662784,-6442.302158757123
355.0,-11252.55439254171,-8606.244866581865
355.0,-8258.507922937837,-9416.056665924594
355.0,-8870.336354556825,-9723.394242869728
355.0,-8280.0696989215,-9846.860176540667
355.0,-9027.607535450368,-7558.96916498296
355.0,-8308.2260232788,-7773.453885784986
355.0,-12391.419673237997,-5429.053302634809
355.0,-15233.229597191725,-14053.28879077582
355.0,-12428.89332480447,-12830.171363172736
355.0,-12202.580842677684,-7590.857070137903
356.0,-13308.619306553152,-13712.238785125692
356.0,-16267.484004132471,-9830.172064860211
356.0,-13567.89587171114,-14762.821627376528
356.0,-11014.201052102262,-8583.378745223858
356.0,-14999.672983877615,-14163.000072361923
356.0,-12295.086456495952,-16917.64855001896
356.0,-13616.93934495351,-17979.63267268206
356.0,-13406.437505603588,-18057.090219785325
357.0,-10031.091986976302,-9023.894018056306
357.0,-10344.38138016347,-6470.437786200525
357.0,-11538.614212891363,-8301.96770585781
357.0,-8468.687660634629,-9300.273232166968
358.0,-11039.60777993976,-8598.603520952125
358.0,-8020.213264664154,-9910.254846357187
358.0,-9137.699622774777,-7595.741537350375
358.0,-7948.920370072967,-7787.294058122422
358.0,-12480.41651601654,-5445.221649690591
358.0,-15681.559450043003,-14475.89585439767
358.0,-13229.393531557009,-13106.67890289553
358.0,-12144.138038671512,-8600.094665509532
359.0,-12297.945277757432,-12940.642290990663
359.0,-16649.396628533766,-9226.719516083194
359.0,-13563.075672349602,-14508.160434588232
359.0,-10918.318153179767,-8262.97580982562
359.0,-15326.16363258498,-14279.559994528408
359.0,-11347.05040673156,-16465.519003344405
360.0,-13197.231382853266,-17131.499830638735
360.0,-13054.159267748666,-18095.232939688205
360.0,-9952.560668015713,-8409.379992448017
360.0,-10457.962966722796,-6695.193455487452
360.0,-11244.481754759912,-8672.904669062795
360.0,-9079.074780159646,-10048.675776747794
360.0,-11561.26531302976,-9400.1867117499
360.0,-7658.797360189111,-9455.183156120442
360.0,-9488.19130635329,-7689.924911807803
361.0,-8539.162031829534,-10255.077165467032
361.0,-16293.372432667496,-14602.520853135124
361.0,-12484.89107186035,-12609.167138436464
361.0,-12034.90404192497,-9044.586890329403
361.0,-12899.744123157236,-12242.637409912266
361.0,-16114.94640490931,-9074.104218248507
361.0,-13809.333499809183,-14979.78098862489
361.0,-10849.28192484262,-8491.553531386115
361.0,-15572.468888797752,-15025.022660436116
361.0,-10713.545413953383,-16143.51053898799
362.0,-12111.851926112537,-16905.991208246694
362.0,-12615.561030295194,-18451.46963333553
362.0,-10958.686636174283,-7949.328169948478
362.0,-10395.534132424837,-6549.880637856781
362.0,-11367.01542094547,-8680.21860312116
363.0,-10039.74478036705,-7043.0913759192845
363.0,-12195.507514714482,-9433.546119112569
363.0,-7722.489036968448,-9604.06936991344
363.0,-10113.102906761003,-8283.047682258577
363.0,-8515.253796729083,-9577.333859453049
363.0,-16371.495440794955,-14780.67467138713
363.0,-13910.492140299692,-12248.525705815222
363.0,-11933.721412555004,-8834.387109130785
363.0,-12986.042682572594,-12315.44463763462
363.0,-16310.734190397568,-10003.809702959075
364.0,-11405.11805842388,-13393.21724917191
364.0,-11106.474483084188,-8647.579178380565
364.0,-16429.771652155232,-14325.681578301854
364.0,-11595.93080779859,-16742.33815912807
364.0,-12004.114406034056,-16151.095733713246
364.0,-13133.37176643675,-18399.05811342594
365.0,-13341.862133046356,-17491.164243826803
365.0,-10579.181299961,-7572.827344402042
365.0,-10628.484537510674,-7331.59172952636
365.0,-12097.978508374368,-9000.784139784102
365.0,-10182.248168386028,-7714.956815138345
365.0,-11951.169132517452,-8677.852928646213
365.0,-7994.868846021244,-9548.905830977872
366.0,-10887.740509673436,-9850.58567015909
366.0,-8463.027842621925,-10307.71796062344
366.0,-15871.396639911734,-14980.074076376985
366.0,-14544.457035304784,-12852.799671499177
366.0,-11375.384146575676,-9786.978744696826
366.0,-13217.36715856045,-11685.735308427133
366.0,-16800.971020559635,-10203.802183049502
366.0,-12019.48677342122,-14135.683912230665
367.0,-15771.453779635876,-9289.832779936434
367.0,-16715.376776165787,-15020.087145484606
367.0,-10641.751256411191,-17031.21331574561
367.0,-12591.088042364385,-16508.19424017416
367.0,-13845.986891692675,-18767.830944892245
367.0,-12222.048256099386,-18162.236529867885
367.0,-10753.750281168015,-7529.197569252022
367.0,-10482.487799137016,-6913.073028901948
367.0,-11605.43658652772,-9169.450631423724
368.0,-10027.598321296236,-7185.651196141484
368.0,-11602.496427875947,-8276.593998725035
368.0,-8180.951857775207,-9788.245439795264
368.0,-10466.93382934658,-9906.49052182335
369.0,-7846.543462049021,-8737.129313351128
369.0,-15311.156967442344,-14557.44655104275
369.0,-14790.88211467965,-12868.597485018605
369.0,-10675.549829952448,-9379.762388925104
369.0,-13793.585986476775,-11176.501572923637
369.0,-16454.575873804755,-9856.571556299054
369.0,-12455.608523254892,-12468.175009178964
369.0,-15186.223721062395,-9239.93766259622
369.0,-16651.690407819828,-15431.440290861745
370.0,-10322.199026696986,-8961.611138334598
370.0,-12117.875678235532,-17029.964474596138
371.0,-11174.715276360334,-15513.511757985882
371.0,-11903.34822551755,-17534.49330405325
371.0,-10581.500912971089,-7211.365290595983
371.0,-11029.59962343111,-6925.753673161186
371.0,-11648.238757336729,-8424.534705768345
371.0,-9866.615098140355,-8148.532098875411
371.0,-11041.59254041636,-7945.547237328876
371.0,-8673.042961453493,-8732.113249710541
372.0,-12089.110103111934,-8098.061110129819
372.0,-8087.897118881331,-8362.128745713775
372.0,-15549.316039361389,-14104.50304576276
372.0,-13954.198085327193,-12434.824592636049
372.0,-10874.761772535094,-9698.113457100391
372.0,-13507.785803497403,-11032.370656557025
372.0,-17570.172204110353,-9503.227847686943
372.0,-12318.502357038064,-11474.034978852214
372.0,-15163.801499584655,-9341.854284613284
372.0,-17064.842021758046,-15659.641124686845
373.0,-16061.055706272246,-9369.577368517344
373.0,-12736.33589865266,-16600.24101821264
373.0,-12295.889903620262,-15786.45009265272
373.0,-11619.91501505881,-17295.249010576164
373.0,-11214.737296446145,-7292.876450562092
373.0,-11197.82287331408,-5957.815529188036
373.0,-11614.701292374066,-8302.636726923065
373.0,-9142.155951141647,-8711.638431456586
373.0,-10856.488088284828,-7404.316902375391
373.0,-9418.19063432204,-7898.441515296829
374.0,-10907.89705926501,-7807.396235611824
374.0,-7933.721862167026,-8620.98184575141
374.0,-15104.429350321485,-14215.968118985673
374.0,-14054.895673987548,-12728.178015309088
374.0,-11400.213270659066,-8885.735479644047
374.0,-13358.187652721295,-11129.456286843437
374.0,-13044.812489095912,-11883.108459065676
374.0,-15678.370683701129,-8924.01569944064
374.0,-17761.922006666628,-15894.84504439652
374.0,-15518.413121920094,-10028.655183338087
375.0,-16944.57917006767,-14981.423328955552
375.0,-12363.68636349584,-17130.183444210423
375.0,-11782.389233096394,-14690.84724751895
375.0,-11284.378915793064,-17302.55396804106
375.0,-11728.518904702583,-8677.482718467
375.0,-11078.37837615585,-5896.811541449447
375.0,-11710.750302456016,-8564.993622809605
376.0,-10691.988146162135,-7650.361949055844
376.0,-10563.718266840073,-7710.255793464479
376.0,-9265.154403229084,-7641.564918635568
376.0,-9672.2703543242,-8142.627245833642
376.0,-8588.303292862032,-8433.621091761532
376.0,-15481.06317058712,-14852.208978171166
376.0,-13478.375298410268,-13782.50885101898
377.0,-15811.906947719735,-14007.928010099931
377.0,-12613.768026238393,-11151.730824874008
377.0,-14125.604796006062,-12736.883625016597
377.0,-16357.175845156658,-9295.707573181837
377.0,-16026.23860508025,-9601.14386286091
377.0,-17101.297486687476,-14857.783112852369
377.0,-12048.708062018532,-17634.71263617748
377.0,-11897.2013784616,-14985.348574317357
377.0,-11344.346830050452,-16675.354131128282
377.0,-12306.148591891424,-7872.540086908128
378.0,-11561.570747417332,-17524.67095253269
378.0,-12213.490132679672,-9585.792942848651
378.0,-10664.36497567372,-7917.009862932718
378.0,-10786.066094765823,-7731.304955180914
378.0,-9600.493005427228,-7319.004873308072
378.0,-9913.239157786276,-7066.960602657477
378.0,-7741.384352223787,-7884.0047755190835
378.0,-15882.94105883091,-15919.348814884765
379.0,-15525.87733644522,-13792.307653319804
379.0,-11192.493589673868,-10239.460754422436
379.0,-14442.310261786888,-11819.136661457396
379.0,-16590.337273096146,-9426.105010915193
379.0,-17412.48077829479,-16569.0173143103
379.0,-16498.69634204218,-10266.804520107924
379.0,-16317.797266578851,-15021.973686379084
379.0,-11587.801335188757,-17358.933693335122
380.0,-11614.857578253152,-15240.60413817433
380.0,-11553.510422496936,-16747.16428585329
381.0,-12385.65750107806,-7997.329409914262
381.0,-11306.492915256602,-17317.766625271608
381.0,-12658.026212672868,-9813.91691726574
381.0,-11473.176173903796,-8556.591773756703
381.0,-9428.229440207097,-7554.043112577631
381.0,-10382.96429145213,-7261.445835126236
381.0,-8187.233412737039,-8449.978989112162
381.0,-15626.508127605684,-15576.12449750716
381.0,-15442.539813617535,-13396.820520283622
382.0,-13457.148244593776,-13728.572016375563
382.0,-14209.826299719009,-11645.126316892976
382.0,-16136.837889490327,-8871.139755672328
382.0,-17145.579150101064,-16385.181496926627
383.0,-15408.457879407117,-9971.042736797584
383.0,-15328.242087662593,-15106.090240482565
383.0,-11456.533343530664,-16901.75592937174
384.0,-17270.70279495476,-15349.607717154606
384.0,-11529.987988225186,-15517.763756242084
384.0,-11506.310871429152,-16419.53102048785
384.0,-12419.08466142602,-8756.105025621197
384.0,-12650.486283410524,-17937.565017448436
385.0,-11032.81424335572,-17292.496058609213
385.0,-11395.479620447944,-8587.816956093106
385.0,-9050.598363198931,-7496.908145621815
385.0,-11384.360000264714,-6678.361338248966
385.0,-7647.852341173917,-8442.034222717768
386.0,-7480.808910562767,-8077.155205432026
386.0,-15617.309917781491,-13173.72236966545
386.0,-13723.534298578035,-13497.24738224036
386.0,-15025.39246982183,-11558.103579254888
386.0,-17363.828565396587,-15621.810210251151
387.0,-16873.414045882884,-10193.153220643497
387.0,-15458.964096349286,-14474.810923507464
387.0,-11157.57741630721,-17656.070266993243
387.0,-16640.589393206927,-15499.573732136652
387.0,-11187.854274289492,-15578.19304508486
387.0,-11662.484923234111,-16023.0238345687
387.0,-12259.605984715336,-8927.740962042642
387.0,-12785.82894455519,-18363.562335388902
387.0,-10936.3741034116,-17563.248256491257
388.0,-11092.777027550204,-17463.83315211105
388.0,-9127.095428153583,-7065.705856550857
388.0,-10914.534545591649,-7159.680098980685
388.0,-6905.541407709287,-8373.65116580981
388.0,-7462.014895779543,-8198.92211903917
388.0,-15343.005597613846,-12289.099082945031
388.0,-14233.647708856455,-12961.064890516518
388.0,-14626.201166708564,-11548.074473203344
388.0,-15783.04292238465,-8863.635417882651
388.0,-17412.783946646665,-15901.640930948224
389.0,-15268.06849425102,-15315.056189925466
389.0,-11024.500796045286,-17903.08463955336
389.0,-16413.574254999487,-16115.665126838165
389.0,-11167.687986508376,-14978.849040019146
389.0,-11605.344775492464,-15783.236615381318
389.0,-11983.327338438216,-8907.815334103878
389.0,-13283.506287541502,-18754.644133180835
389.0,-11497.246389135733,-17216.668581642745
389.0,-10593.940037526449,-17498.250944900086
389.0,-11260.740333153226,-7343.738994836532
390.0,-9083.624836908788,-7803.142436815499
390.0,-6768.14048949399,-8640.75517840906
390.0,-15046.63898249148,-11863.150453666747
390.0,-14227.635943493977,-12824.98529238237
390.0,-15033.445733585557,-11533.905551637316
390.0,-15788.548263656156,-9763.91610073167
390.0,-17605.34752989073,-15846.061066098608
390.0,-16947.650998743917,-8999.963631272056
390.0,-15465.767813097891,-14916.02613807564
390.0,-10882.689113857265,-17848.059427502456
390.0,-16347.761226465222,-16315.103360665584
391.0,-11393.112319646048,-15724.63901233946
391.0,-12308.632537101352,-9109.39175682474
391.0,-11465.147995473111,-17358.567249183536
391.0,-10263.302430486738,-17122.756204759455
391.0,-11240.418950696358,-7474.483696842562
391.0,-9814.52166322604,-7981.278116895106
391.0,-6462.458730489519,-9291.86859609034
392.0,-14920.8774618528,-12282.3447038157
392.0,-13841.182758833444,-14080.74598737064
392.0,-13511.93745154399,-11931.501027987111
392.0,-15450.225974079452,-9811.935534304355
392.0,-16758.415510365172,-15672.944571456046
392.0,-15893.499297787052,-14497.939925712008
392.0,-11042.642771737464,-18222.12669067884
392.0,-16046.626615032656,-17101.917939213265
393.0,-11204.01710803514,-18159.48226382348
393.0,-11406.67444446209,-15865.97828394161
393.0,-12621.45867178555,-9405.086780451766
393.0,-11776.299587988744,-17844.1530226392
393.0,-10403.106187533582,-17280.991835491008
393.0,-11442.721183854055,-8076.492967646292
394.0,-10569.69192058709,-7649.480484328058
394.0,-6263.369329851295,-9486.254515866902
394.0,-14244.801629592266,-11915.145693245991
394.0,-13648.0594144858,-13570.471655832378
394.0,-13387.36262649027,-12783.106631627634
394.0,-14943.629220090652,-10707.072817452678
394.0,-16919.203318460448,-15942.602752615532
395.0,-15190.668953982333,-10162.612273903474
395.0,-15953.345385017445,-13480.935677955636
395.0,-11038.785006492968,-17580.050199322857
395.0,-10624.289013313126,-17883.268413659564
395.0,-12060.525296065403,-15453.362551154887
395.0,-12961.11753835345,-7963.5489149052355
396.0,-12487.474140361604,-9033.405694382858
396.0,-11682.893848687436,-18250.0288438992
396.0,-10831.134701174977,-17259.38887906959
396.0,-11820.695037920788,-9190.259444553962
396.0,-10190.9041896987,-6997.032001790493
396.0,-6600.167637023754,-9238.19981759564
396.0,-14076.69528603982,-12502.621580953142
396.0,-13131.018479306073,-13306.769754360028
397.0,-15066.56850594171,-12035.818241922449
397.0,-13715.46895145605,-11288.864714657568
397.0,-13896.399549032103,-10260.92582040431
397.0,-16780.16011736919,-16020.379017923164
397.0,-14855.82935048379,-10333.268879127936
397.0,-16119.433633392964,-13492.781992429304
397.0,-10461.822790915645,-17387.61450242201
397.0,-17015.19466705683,-16389.591578010502
397.0,-11639.133990848504,-18375.90878397432
398.0,-16199.282461624402,-16812.289316814753
398.0,-12583.938229846925,-15475.33770435428
398.0,-13380.610288578442,-9108.557977523004
398.0,-13363.13837050838,-9124.513106973109
398.0,-12029.92687437408,-17655.37954459283
398.0,-11728.41989228172,-17103.349794314894
398.0,-12007.91170331936,-10160.50407012188
398.0,-10496.89451369486,-6647.189226967331
399.0,-11252.541540337385,-8431.601410452486
399.0,-14510.489788010882,-12173.29564620482
399.0,-13063.49258708028,-11998.640836699504
399.0,-14883.27226537594,-13006.979408253264
399.0,-13668.074209448712,-11176.20732922845
399.0,-13972.731316182786,-10840.687734093824
399.0,-16964.28778731782,-15101.523542569352
399.0,-14853.47552653683,-10678.034365352554
399.0,-15749.92043183359,-14326.561311908796
399.0,-16550.71260904922,-16128.124278356088
399.0,-11338.921810077914,-17992.93426600949
399.0,-15626.232947861094,-16606.416858157587
400.0,-13022.178999079642,-9342.10609065054
400.0,-12992.749599533656,-8734.659785289201
400.0,-11830.680924965618,-17993.520714656795
400.0,-11645.115452175594,-16801.358905299257
400.0,-12058.323977561378,-9983.822195527147
401.0,-11436.661525158375,-6689.8404457427805
401.0,-11549.630056790244,-8517.0279400606
401.0,-13927.067300678931,-11948.403867483928
401.0,-14774.075082151488,-12586.797184932717
401.0,-13164.877788507712,-12235.801840386432
85.0,-9250.23215504418,-12055.575148884302
348.0,-12372.607939971942,-16370.3088380489
269.0,-9427.278380300511,-12164.064847453694
385.0,-6435.334713778939,-8435.687800847536
350.0,-13774.603919486362,-15842.112767143462
251.0,-11474.59667195842,-10554.60055360652
333.0,-14259.336136981045,-14252.657294154067
372.0,-8227.654877243564,-10355.747208767903
399.0,-8377.562807434868,-10536.241152480628
376.0,-14659.697364524716,-15699.90219233575
325.0,-9163.976580589788,-14794.086102176005
298.0,-15408.830981848896,-14209.5623280502
346.0,-7271.097558092868,-5688.496225275114
321.0,-14087.41245592319,-14213.651867030563
360.0,-16693.84303020724,-8595.91265083955
380.0,-9778.049397789931,-6206.463867608771
357.0,-6715.601886112585,-7440.692372625646
289.0,-14670.066274180994,-11654.590161233296
375.0,-11226.685693710737,-18505.44200186671
301.0,-15117.579739072298,-11175.938959581905
280.0,-11028.04937086022,-12718.812429285452
350.0,-16411.48787298375,-15359.630233721546
305.0,-11987.197301472614,-13888.893265781298
339.0,-9603.257950895542,-13791.37556237976
243.0,-8994.79490197223,-10595.480963666654
231.0,-8004.885954866295,-10522.38664444828
80.0,-9374.63102555495,-13266.332807810832
277.0,-11791.628519287497,-13903.983111526755
253.0,-12422.284713379951,-12637.458947324056
108.0,-8999.5812848266,-10302.37408472261
364.0,-14168.502762022454,-10360.137650471312
299.0,-9262.814689890896,-10691.419108304326
341.0,-14077.44366589922,-12905.076393139385
